28 1.1920928955078125e-06
26 0.6001012325286865
23 0.702711820602417
21 0.8051919937133789
21 0.9082295894622803
22 1.010420799255371
22 1.1128411293029785
22 1.2151687145233154
22 1.3178215026855469
22 1.4207518100738525
22 1.522839069366455
23 1.625594139099121
26 1.7285313606262207
37 1.83103609085083
39 1.9335370063781738
41 2.0356714725494385
44 2.137967824935913
44 2.240314245223999
43 2.3428609371185303
43 2.445711612701416
44 2.548492431640625
44 2.651470422744751
42 2.7535629272460938
41 2.8558778762817383
39 2.9582607746124268
36 3.0608088970184326
34 3.1630759239196777
32 3.2656219005584717
29 3.3682665824890137
26 3.4708058834075928
23 3.573871374130249
23 3.6764416694641113
22 3.778751850128174
22 3.881171941757202
21 3.9835541248321533
20 4.0859856605529785
22 4.188395738601685
25 4.29077935218811
27 4.393138885498047
28 4.495722532272339
30 4.59820032119751
32 4.700487852096558
35 4.802695274353027
35 4.905215501785278
36 5.007673501968384
36 5.110362529754639
36 5.212550640106201
35 5.314882516860962
33 5.417198657989502
31 5.5196874141693115
29 5.62267279624939
28 5.724982500076294
28 5.827162981033325
28 5.929825305938721
28 6.032100677490234
26 6.134657621383667
25 6.237024545669556
24 6.339432001113892
23 6.441762685775757
23 6.544097661972046
22 6.646380424499512
22 6.748706102371216
23 6.851572751998901
26 6.954089641571045
29 7.056592226028442
29 7.1589226722717285
28 7.261296272277832
27 7.363739728927612
27 7.466485023498535
29 7.568911790847778
32 7.6713035106658936
34 7.7736899852752686
35 7.876072406768799
36 7.97842001914978
38 8.080896615982056
38 8.183498620986938
37 8.286083221435547
32 8.388778924942017
28 8.491110563278198
24 8.59364652633667
22 8.696044445037842
20 8.798529148101807
18 8.901255130767822
17 9.003948211669922
16 9.106063842773438
15 9.208249807357788
14 9.310529470443726
14 9.412913799285889
14 9.515827655792236
15 9.618994235992432
16 9.721933841705322
18 9.824568271636963
19 9.92711353302002
21 10.029576778411865
22 10.131893634796143
24 10.234383583068848
26 10.336716890335083
29 10.43899130821228
29 10.541276931762695
28 10.643622875213623
27 10.745829820632935
27 10.848191976547241
25 10.95065689086914
24 11.053105592727661
24 11.15547776222229
23 11.257774114608765
22 11.360099792480469
19 11.462294340133667
17 11.56456184387207
15 11.666899681091309
14 11.769223690032959
13 11.871524333953857
13 11.973940372467041
13 12.076258420944214
13 12.178647756576538
14 12.280967235565186
19 12.38327693939209
24 12.485771656036377
28 12.588204383850098
31 12.69064712524414
33 12.792924404144287
34 12.895246982574463
37 12.99758267402649
41 13.099980592727661
43 13.202318668365479
44 13.30485725402832
43 13.407536268234253
39 13.510190725326538
34 13.612687349319458
30 13.715052843093872
26 13.817672491073608
24 13.920181512832642
22 14.02279019355774
21 14.12515902519226
20 14.22758173942566
19 14.329980373382568
18 14.432464599609375
17 14.535069465637207
16 14.637655973434448
15 14.740407943725586
14 14.84283709526062
13 14.945475339889526
14 15.048187494277954
15 15.151057720184326
16 15.253947973251343
16 15.357059955596924
17 15.459363222122192
18 15.561802625656128
19 15.664005041122437
20 15.766173362731934
21 15.868802309036255
22 15.97128415107727
23 16.073936462402344
24 16.176812887191772
26 16.27991223335266
28 16.382482767105103
32 16.48719048500061
35 16.59026336669922
36 16.69360065460205
36 16.796972513198853
35 16.901373863220215
32 17.006443977355957
30 17.11027693748474
28 17.214675903320312
27 17.31968879699707
25 17.42233419418335
24 17.52545928955078
22 17.628479957580566
20 17.732738971710205
19 17.83664894104004
18 17.940108060836792
17 18.04356551170349
17 18.148516416549683
17 18.251489400863647
17 18.355088710784912
17 18.45839834213257
18 18.561564683914185
20 18.666762828826904
23 18.7713041305542
25 18.875153303146362
26 18.97875952720642
28 19.082552433013916
31 19.185681581497192
34 19.28948450088501
38 19.39309549331665
41 19.496896982192993
45 19.60189700126648
51 19.70477604866028
54 19.808176040649414
55 19.91154146194458
54 20.017313241958618
52 20.1209499835968
50 20.225813388824463
48 20.32968282699585
45 20.433247327804565
41 20.536340713500977
37 20.640368700027466
34 20.744771480560303
30 20.85007333755493
27 20.95354700088501
25 21.056979656219482
23 21.160200357437134
22 21.263508796691895
20 21.36724305152893
19 21.470949411392212
19 21.575141429901123
21 21.67943239212036
24 21.78330969810486
26 21.88664150238037
28 21.990472316741943
33 22.095343828201294
40 22.200470209121704
46 22.303773403167725
48 22.40738010406494
48 22.511523008346558
48 22.616228580474854
48 22.719981908798218
48 22.824475049972534
47 22.92906403541565
46 23.03427004814148
43 23.137245893478394
41 23.24098229408264
38 23.345070123672485
35 23.449497938156128
32 23.5526340007782
29 23.65634846687317
27 23.760122776031494
25 23.865851640701294
24 23.96910333633423
23 24.07303023338318
22 24.176720142364502
22 24.28158688545227
22 24.384397983551025
23 24.488632440567017
24 24.592246055603027
25 24.695953845977783
26 24.800769090652466
28 24.904321432113647
30 25.00840473175049
31 25.113228797912598
33 25.2184841632843
35 25.322561502456665
36 25.426490545272827
37 25.531718969345093
39 25.636255741119385
41 25.73922324180603
42 25.842769145965576
42 25.94616937637329
42 26.050981760025024
42 26.154728651046753
41 26.25837779045105
39 26.361961364746094
37 26.46680736541748
36 26.570536613464355
35 26.6736319065094
34 26.778003215789795
34 26.882058143615723
34 26.985198974609375
32 27.089487075805664
30 27.193841457366943
28 27.29763412475586
26 27.40069556236267
24 27.504162549972534
23 27.60755944252014
23 27.710193395614624
23 27.81400966644287
24 27.91731095314026
25 28.020930767059326
26 28.124415397644043
27 28.229743003845215
28 28.332815408706665
30 28.436099529266357
31 28.53953218460083
32 28.643006801605225
33 28.74667978286743
33 28.84966015815735
35 28.95257329940796
35 29.056411504745483
36 29.160602807998657
38 29.263638734817505
39 29.36732268333435
40 29.470679998397827
41 29.57529354095459
41 29.679152727127075
41 29.78221893310547
40 29.88661813735962
39 29.99086046218872
37 30.093263626098633
36 30.19655418395996
35 30.30125594139099
34 30.406319856643677
33 30.511526584625244
33 30.61528182029724
31 30.71869683265686
30 30.823270320892334
28 30.926084756851196
26 31.029930353164673
25 31.13342595100403
25 31.23681139945984
24 31.34052586555481
24 31.443340301513672
23 31.546865701675415
24 31.650684595108032
24 31.755756378173828
24 31.85830783843994
25 31.961345911026
26 32.06448674201965
27 32.16887044906616
27 32.27281999588013
28 32.376105308532715
29 32.47981286048889
30 32.58496570587158
31 32.68901610374451
32 32.79256463050842
33 32.89607238769531
35 33.00027799606323
36 33.1041476726532
37 33.20838379859924
38 33.31175971031189
39 33.41606020927429
41 33.52035856246948
43 33.62349319458008
45 33.727888107299805
47 33.83174443244934
47 33.935973167419434
46 34.03978872299194
45 34.14285850524902
44 34.24690055847168
42 34.35045146942139
42 34.454233169555664
40 34.55765223503113
38 34.66176700592041
36 34.76728272438049
34 34.87063002586365
32 34.974467515945435
30 35.07845854759216
28 35.18369722366333
26 35.288336753845215
25 35.39174151420593
24 35.495853900909424
23 35.59905815124512
23 35.702744245529175
22 35.80556678771973
22 35.90940976142883
23 36.014657497406006
24 36.11776113510132
24 36.221452474594116
25 36.32455611228943
26 36.42927265167236
27 36.53306031227112
28 36.63735747337341
29 36.7408971786499
29 36.84479856491089
29 36.94937825202942
30 37.05352568626404
31 37.15664505958557
33 37.2610080242157
35 37.36638617515564
37 37.47147297859192
38 37.574641942977905
38 37.68050670623779
37 37.785115003585815
35 37.888996839523315
34 37.99199390411377
33 38.09574365615845
30 38.19900941848755
29 38.303587198257446
28 38.40789556503296
27 38.51232933998108
25 38.61636710166931
25 38.72116947174072
23 38.82424211502075
22 38.92762851715088
21 39.032299280166626
21 39.137765884399414
21 39.24084949493408
21 39.34540367126465
21 39.45056653022766
22 39.55610728263855
22 39.65958094596863
23 39.76291561126709
24 39.86843252182007
24 39.973814487457275
25 40.0770161151886
26 40.18027424812317
26 40.285295248031616
27 40.38844847679138
28 40.491936445236206
29 40.59581232070923
29 40.699281454086304
31 40.80429768562317
32 40.90736675262451
34 41.01099944114685
36 41.11465334892273
37 41.218735218048096
38 41.32257342338562
38 41.42655348777771
37 41.53036880493164
37 41.63455367088318
35 41.7385516166687
33 41.84198760986328
32 41.94547462463379
31 42.04874014854431
30 42.154107332229614
29 42.25708079338074
28 42.360689878463745
27 42.465559244155884
26 42.57002902030945
26 42.67310094833374
25 42.77629494667053
24 42.87975096702576
24 42.98349571228027
23 43.08866477012634
22 43.19274568557739
22 43.297056913375854
22 43.4013831615448
23 43.5043511390686
24 43.60819888114929
24 43.71205425262451
24 43.815818548202515
25 43.91985893249512
26 44.023149490356445
27 44.12634992599487
28 44.231175661087036
29 44.336658239364624
29 44.44013786315918
30 44.544838666915894
32 44.64872884750366
35 44.75404214859009
36 44.85751533508301
37 44.96135091781616
37 45.0664119720459
37 45.17044425010681
36 45.27413463592529
34 45.37769079208374
33 45.48225665092468
32 45.58573293685913
31 45.68913698196411
29 45.79272174835205
28 45.89584922790527
27 46.00131916999817
26 46.104655742645264
26 46.207685708999634
25 46.311394691467285
24 46.41623544692993
23 46.52014183998108
22 46.624396324157715
21 46.727763652801514
21 46.83087706565857
21 46.936086654663086
22 47.03940296173096
23 47.14394736289978
23 47.2483446598053
24 47.35276246070862
25 47.45573139190674
26 47.560914039611816
27 47.664828300476074
28 47.76867890357971
29 47.87198328971863
30 47.975454568862915
30 48.07973027229309
32 48.18376636505127
33 48.28680205345154
35 48.389952182769775
36 48.49475717544556
37 48.59903287887573
36 48.70212769508362
35 48.805655002593994
34 48.909470081329346
33 49.01389503479004
32 49.119441747665405
31 49.22302174568176
30 49.32718873023987
29 49.43181014060974
28 49.536344051361084
27 49.63950872421265
26 49.742955684661865
25 49.84808588027954
24 49.95328688621521
23 50.05769991874695
23 50.16107797622681
23 50.2648401260376
23 50.37121057510376
23 50.47527575492859
25 50.580121755599976
25 50.684083461761475
26 50.7893762588501
27 50.893537282943726
28 50.99903655052185
29 51.103267669677734
29 51.206323862075806
30 51.30951189994812
32 51.41363978385925
34 51.51731276512146
36 51.62151527404785
39 51.725855112075806
41 51.83021283149719
43 51.93650770187378
44 52.039915323257446
44 52.14371299743652
44 52.24726700782776
44 52.35177826881409
43 52.45576810836792
41 52.55898666381836
37 52.66247606277466
34 52.766658306121826
30 52.87092304229736
27 52.975077629089355
25 53.080774784088135
24 53.18600869178772
23 53.28891634941101
23 53.39215040206909
22 53.49693846702576
22 53.60079526901245
22 53.705730676651
23 53.808836698532104
25 53.91248893737793
28 54.01681423187256
29 54.120466470718384
31 54.223797082901
31 54.327770471572876
32 54.43211054801941
32 54.53615427017212
34 54.63916730880737
36 54.743279695510864
38 54.8479540348053
41 54.95216393470764
43 55.05632710456848
44 55.15962862968445
43 55.264081954956055
43 55.36804461479187
42 55.4708936214447
39 55.57483506202698
38 55.678723096847534
37 55.78342914581299
36 55.88866972923279
34 55.99212980270386
32 56.0968017578125
31 56.201555252075195
29 56.30408239364624
28 56.408737897872925
27 56.512834548950195
26 56.61708974838257
25 56.72219371795654
24 56.82493305206299
23 56.92944550514221
22 57.032532930374146
22 57.13623929023743
23 57.23911094665527
23 57.342804193496704
24 57.44620108604431
25 57.55030965805054
26 57.65393090248108
27 57.75770688056946
28 57.86259317398071
29 57.967734575271606
29 58.07077097892761
31 58.17462992668152
32 58.27819538116455
33 58.381701946258545
35 58.485267877578735
37 58.588890075683594
38 58.69311571121216
39 58.79648208618164
38 58.900797843933105
36 59.0052707195282
35 59.1078519821167
33 59.21210241317749
32 59.31729292869568
31 59.42171025276184
29 59.52528715133667
27 59.62886953353882
26 59.732887744903564
25 59.83575916290283
24 59.93923377990723
23 60.04268717765808
22 60.146464109420776
22 60.25091910362244
23 60.35409641265869
24 60.45759582519531
26 60.56160640716553
28 60.66763973236084
28 60.77072238922119
29 60.87432336807251
29 60.97978186607361
30 61.08527159690857
31 61.18946409225464
34 61.292871713638306
37 61.39683675765991
41 61.50100541114807
42 61.60420513153076
43 61.70776915550232
43 61.81172752380371
42 61.91522002220154
41 62.01872158050537
40 62.12268567085266
38 62.22707653045654
35 62.3311972618103
33 62.43484139442444
31 62.538726568222046
29 62.6435432434082
27 62.747756004333496
26 62.851552963256836
25 62.954795837402344
23 63.05846571922302
22 63.16272282600403
22 63.26774740219116
21 63.37191915512085
21 63.477044343948364
21 63.581982135772705
22 63.68511199951172
23 63.788522720336914
24 63.89309620857239
25 63.99737215042114
26 64.0997564792633
27 64.2028157711029
28 64.30818247795105
30 64.41397213935852
31 64.51631951332092
32 64.61957907676697
33 64.72304725646973
33 64.82793879508972
34 64.93396997451782
34 65.03753137588501
35 65.14207124710083
34 65.2472357749939
33 65.35271883010864
32 65.45644664764404
31 65.56108522415161
29 65.66719317436218
28 65.77005338668823
27 65.87324380874634
26 65.97760200500488
26 66.08303356170654
26 66.18611717224121
25 66.289395570755
25 66.39330911636353
24 66.49752140045166
23 66.60289216041565
22 66.7072606086731
23 66.81084966659546
23 66.91512393951416
24 67.02039456367493
24 67.12388062477112
25 67.22783064842224
26 67.33146858215332
27 67.43586468696594
28 67.53885769844055
28 67.64228916168213
29 67.74628520011902
30 67.8494963645935
30 67.95322799682617
31 68.05665349960327
31 68.16205644607544
31 68.26792073249817
32 68.37160134315491
32 68.47681212425232
32 68.58169388771057
32 68.68651866912842
31 68.78984475135803
30 68.89478659629822
29 68.99909806251526
28 69.10440754890442
27 69.20743489265442
26 69.31327199935913
25 69.417644739151
25 69.52074694633484
25 69.6246612071991
25 69.72771644592285
24 69.83124160766602
25 69.93792581558228
25 70.04252743721008
26 70.1461546421051
27 70.2497992515564
28 70.3552474975586
29 70.45901083946228
29 70.56300806999207
30 70.66753888130188
31 70.7709321975708
31 70.87367534637451
32 70.9776291847229
32 71.08158493041992
33 71.18498754501343
33 71.28857779502869
33 71.39148592948914
33 71.49668717384338
33 71.60142922401428
32 71.70469236373901
31 71.8080825805664
30 71.91176295280457
29 72.01614904403687
27 72.12011981010437
26 72.22342801094055
25 72.32793402671814
24 72.43265390396118
23 72.53706002235413
22 72.6403214931488
21 72.74410462379456
20 72.848149061203
19 72.95203137397766
19 73.0552704334259
19 73.15924978256226
19 73.26384711265564
20 73.36907982826233
22 73.4751706123352
23 73.57917928695679
25 73.6838071346283
28 73.78818869590759
30 73.89134097099304
31 73.99451351165771
32 74.09858703613281
33 74.20223832130432
35 74.30531930923462
37 74.40833640098572
38 74.51249146461487
38 74.61584997177124
37 74.71865510940552
35 74.82200360298157
33 74.92535305023193
31 75.03081917762756
28 75.1354112625122
26 75.23904347419739
25 75.34256625175476
24 75.44809985160828
23 75.55298399925232
22 75.65606307983398
22 75.75925421714783
21 75.86260294914246
21 75.96752977371216
22 76.07099056243896
23 76.17456889152527
24 76.27882266044617
24 76.38194489479065
25 76.4849169254303
26 76.58893609046936
27 76.69239473342896
27 76.79707598686218
28 76.90291094779968
28 77.00611209869385
28 77.11107802391052
29 77.21608352661133
29 77.3201334476471
28 77.42409229278564
28 77.5281593799591
27 77.63320875167847
26 77.73666334152222
25 77.83991527557373
25 77.94308304786682
24 78.04648399353027
23 78.15132641792297
23 78.25455856323242
22 78.36001896858215
22 78.46538472175598
21 78.56787204742432
21 78.67103743553162
22 78.77473878860474
24 78.87894177436829
25 78.98404169082642
25 79.08793234825134
26 79.19174218177795
27 79.29586100578308
28 79.40203905105591
30 79.50547647476196
30 79.61025857925415
31 79.71333527565002
31 79.81695628166199
31 79.9211528301239
29 80.02496480941772
29 80.12872672080994
28 80.23235416412354
27 80.33581614494324
26 80.43891477584839
25 80.54316735267639
25 80.6471221446991
24 80.75269436836243
24 80.85630750656128
23 80.96112751960754
23 81.06492519378662
24 81.16803050041199
25 81.27111554145813
25 81.37498903274536
26 81.47996878623962
26 81.58479309082031
27 81.68884658813477
27 81.79215884208679
28 81.89805221557617
29 82.00059056282043
30 82.10421681404114
32 82.20747208595276
34 82.31247043609619
35 82.41871643066406
34 82.52224922180176
33 82.62613344192505
31 82.72984528541565
30 82.83381152153015
28 82.93753218650818
27 83.0426332950592
24 83.14767956733704
23 83.2506320476532
22 83.35392546653748
20 83.45765924453735
19 83.56194376945496
19 83.6660144329071
20 83.76893210411072
21 83.8718798160553
22 83.97683596611023
23 84.0822548866272
24 84.18562722206116
25 84.28930187225342
27 84.39322566986084
27 84.49927997589111
28 84.60232162475586
29 84.70538711547852
29 84.80859231948853
29 84.91360211372375
28 85.01619338989258
27 85.12036800384521
26 85.22357511520386
25 85.32825756072998
24 85.43444466590881
23 85.53735995292664
23 85.64092707633972
22 85.7441291809082
21 85.84914255142212
21 85.95277976989746
21 86.05805969238281
20 86.16336393356323
20 86.26829290390015
19 86.37152218818665
19 86.47604966163635
19 86.58100914955139
19 86.68525743484497
20 86.78846502304077
20 86.89247965812683
21 86.99662852287292
22 87.10023427009583
22 87.20350003242493
24 87.30735301971436
24 87.4109480381012
25 87.51577711105347
26 87.61912560462952
27 87.72332119941711
27 87.82738518714905
27 87.93106603622437
27 88.0350227355957
27 88.13843750953674
26 88.2437834739685
25 88.34849238395691
24 88.45187759399414
23 88.5552978515625
21 88.65913939476013
21 88.76332569122314
20 88.8668565750122
20 88.97019815444946
20 89.0750961303711
19 89.17957258224487
19 89.28542351722717
20 89.38896656036377
21 89.49234867095947
22 89.5960853099823
22 89.69975352287292
23 89.80322122573853
22 89.90741848945618
23 90.01211762428284
23 90.11819410324097
24 90.22122931480408
25 90.32624816894531
25 90.43213987350464
26 90.53590178489685
26 90.63927984237671
26 90.74294090270996
27 90.84755969047546
27 90.95203924179077
27 91.0553252696991
27 91.15863037109375
26 91.26236510276794
25 91.36594986915588
24 91.46918654441833
24 91.57331848144531
23 91.67835426330566
23 91.78329563140869
22 91.88655972480774
22 91.99089765548706
22 92.09515261650085
22 92.19951581954956
23 92.30312418937683
23 92.40623307228088
23 92.50939059257507
24 92.61242461204529
25 92.71710848808289
27 92.82077980041504
27 92.92488884925842
29 93.02912306785583
30 93.13133239746094
32 93.23500084877014
34 93.33827352523804
37 93.44144797325134
41 93.54673337936401
43 93.65075516700745
42 93.75493049621582
41 93.8581759929657
38 93.9624605178833
36 94.0666732788086
34 94.17087030410767
32 94.2753176689148
30 94.37962484359741
27 94.4829523563385
25 94.58691716194153
23 94.69080901145935
21 94.79581952095032
20 94.89883470535278
19 95.00199294090271
20 95.10742926597595
21 95.21208691596985
23 95.3154559135437
24 95.41908717155457
25 95.52407026290894
26 95.62878274917603
26 95.7315423488617
27 95.83461689949036
28 95.93764805793762
28 96.04187774658203
28 96.14576244354248
28 96.24941802024841
28 96.35332155227661
29 96.45687174797058
28 96.56046032905579
29 96.6642575263977
28 96.76844906806946
28 96.87366271018982
28 96.9772641658783
27 97.08036589622498
26 97.18467020988464
25 97.2897436618805
25 97.39588761329651
24 97.49955916404724
23 97.60381269454956
23 97.70755100250244
23 97.81167960166931
22 97.91492223739624
23 98.0188889503479
23 98.12292814254761
23 98.22662329673767
24 98.33190989494324
24 98.43590140342712
25 98.53956270217896
25 98.64462327957153
26 98.74748730659485
27 98.8502984046936
27 98.95392918586731
26 99.05754590034485
27 99.1616907119751
27 99.26514554023743
28 99.3693299293518
29 99.4741723537445
28 99.57912707328796
28 99.68220210075378
28 99.786137342453
28 99.88943147659302
28 99.99377679824829
28 100.097092628479
26 100.2017650604248
25 100.30546307563782
25 100.4085807800293
24 100.51115417480469
23 100.61442923545837
22 100.71754693984985
21 100.82303929328918
20 100.92768168449402
20 101.03124022483826
19 101.13529706001282
19 101.23906230926514
18 101.34235525131226
18 101.44565653800964
18 101.54991865158081
18 101.65430450439453
19 101.7575409412384
20 101.86107993125916
21 101.96478009223938
22 102.06912326812744
23 102.17374277114868
24 102.27691769599915
26 102.38031816482544
27 102.4852683544159
29 102.59076118469238
31 102.69360876083374
33 102.79675555229187
34 102.90195775032043
35 103.00720691680908
35 103.1103630065918
35 103.21385788917542
35 103.31745481491089
33 103.42199087142944
32 103.52658867835999
30 103.62975454330444
28 103.73393177986145
26 103.83826923370361
24 103.94353365898132
23 104.04728984832764
22 104.15028500556946
21 104.2541663646698
20 104.35800766944885
19 104.46134042739868
19 104.56669163703918
18 104.67172050476074
18 104.77559018135071
19 104.87951946258545
20 104.98333692550659
21 105.08780360221863
22 105.19237017631531
22 105.29625248908997
23 105.40000486373901
25 105.50337266921997
27 105.60789251327515
29 105.71153116226196
29 105.81567549705505
30 105.9198431968689
29 106.02362895011902
30 106.12676548957825
30 106.23018789291382
30 106.33299422264099
30 106.43798494338989
29 106.54285836219788
28 106.64598560333252
27 106.74908566474915
26 106.85264873504639
25 106.95666217803955
24 107.05972647666931
23 107.16349673271179
22 107.26695537567139
21 107.37058973312378
21 107.47370624542236
20 107.57685112953186
19 107.6809594631195
19 107.78604793548584
18 107.88962197303772
18 107.99305653572083
19 108.09611201286316
19 108.19978880882263
20 108.30561685562134
21 108.40987920761108
22 108.5148355960846
22 108.62040400505066
23 108.72283864021301
24 108.82677793502808
25 108.92972946166992
25 109.03399848937988
25 109.13902115821838
26 109.24213099479675
26 109.34573030471802
26 109.45037579536438
27 109.55505084991455
27 109.65813899040222
27 109.76132464408875
26 109.86578488349915
25 109.96923422813416
25 110.0723032951355
24 110.1753442287445
23 110.27972412109375
22 110.38529443740845
22 110.48776960372925
21 110.59197759628296
20 110.69528341293335
20 110.79852151870728
19 110.90513253211975
18 111.00932288169861
19 111.11393904685974
20 111.21900224685669
20 111.32132625579834
21 111.42490577697754
22 111.52838945388794
22 111.63198161125183
23 111.73529005050659
23 111.83822298049927
24 111.9413549900055
25 112.04668045043945
26 112.15176916122437
26 112.25479102134705
26 112.35878372192383
27 112.46490001678467
27 112.56838011741638
26 112.67177891731262
26 112.77599573135376
24 112.88054180145264
23 112.98498678207397
22 113.08883428573608
22 113.1926805973053
21 113.29708051681519
21 113.40155220031738
20 113.50439715385437
19 113.60889434814453
19 113.71297788619995
19 113.81677079200745
19 113.92108011245728
20 114.024099111557
21 114.1271812915802
22 114.23044347763062
23 114.33379435539246
24 114.43703961372375
25 114.54096865653992
25 114.64643836021423
26 114.74978470802307
27 114.85308909416199
28 114.95647382736206
29 115.05978393554688
30 115.16481471061707
31 115.26720356941223
31 115.37103247642517
31 115.47466468811035
32 115.57873868942261
31 115.68339776992798
30 115.78685188293457
29 115.89135694503784
29 115.99439525604248
28 116.09905076026917
27 116.20236134529114
26 116.30579686164856
25 116.41083788871765
25 116.51477980613708
24 116.61863899230957
23 116.72172284126282
22 116.82469010353088
21 116.92918848991394
21 117.03484582901001
21 117.1400249004364
22 117.24466729164124
23 117.34897828102112
25 117.45272946357727
25 117.55625510215759
26 117.65976810455322
27 117.76308751106262
28 117.86827445030212
29 117.9726288318634
30 118.07575273513794
29 118.17920541763306
30 118.2837061882019
31 118.38712430000305
32 118.49057865142822
33 118.59553050994873
34 118.69977617263794
34 118.8034143447876
33 118.90683627128601
32 119.01138758659363
32 119.11646032333374
30 119.22011733055115
30 119.32361221313477
29 119.42737555503845
28 119.53153395652771
28 119.63499450683594
27 119.7385025024414
26 119.8426239490509
25 119.94722175598145
24 120.05069518089294
