28 1.1920928955078125e-06
30 0.6453821659088135
30 0.7490139007568359
29 0.8513205051422119
30 0.9535126686096191
30 1.0558531284332275
29 1.1581671237945557
29 1.2606143951416016
29 1.3631136417388916
29 1.4658713340759277
29 1.568368673324585
29 1.670769453048706
29 1.7731661796569824
29 1.8756096363067627
29 1.9782307147979736
29 2.0803587436676025
29 2.1832101345062256
29 2.285560369491577
29 2.3879852294921875
29 2.4901819229125977
29 2.59255313873291
29 2.6949026584625244
29 2.7970566749572754
29 2.8994672298431396
29 3.001997947692871
30 3.1042418479919434
29 3.2063450813293457
29 3.3085215091705322
29 3.410815715789795
29 3.513183832168579
29 3.615427017211914
29 3.717756986618042
28 3.820169687271118
28 3.922481060028076
28 4.024614572525024
28 4.1270060539245605
27 4.2295238971710205
27 4.332165718078613
27 4.4352333545684814
26 4.53852391242981
26 4.641463041305542
26 4.74385929107666
25 4.846213102340698
25 4.948631525039673
25 5.051017999649048
25 5.153506517410278
25 5.255893707275391
26 5.358236074447632
26 5.460648775100708
26 5.563198089599609
27 5.665255784988403
27 5.76763129234314
28 5.87011456489563
28 5.9727184772491455
29 6.075087070465088
29 6.177582263946533
29 6.280398607254028
30 6.383018970489502
30 6.48542046546936
30 6.587833881378174
30 6.690301895141602
31 6.792912006378174
31 6.895416259765625
31 6.9981019496917725
31 7.102232217788696
31 7.20438289642334
31 7.3068177700042725
31 7.409214973449707
30 7.511515378952026
30 7.613797903060913
30 7.716101408004761
29 7.818316698074341
29 7.92070198059082
29 8.023008346557617
29 8.125245571136475
28 8.227534055709839
28 8.32987117767334
28 8.432456016540527
27 8.53502631187439
27 8.637441873550415
27 8.739799737930298
27 8.84227466583252
26 8.944761753082275
26 9.047070026397705
26 9.149500370025635
26 9.251821041107178
26 9.354115724563599
26 9.45650839805603
26 9.559147834777832
27 9.66167163848877
27 9.764440774917603
27 9.866742610931396
28 9.969244003295898
28 10.07174301147461
28 10.174178123474121
29 10.276874542236328
29 10.379466533660889
29 10.48184585571289
29 10.584276676177979
30 10.68677830696106
30 10.789262294769287
30 10.891695261001587
30 10.994296550750732
30 11.096820592880249
30 11.199182987213135
30 11.301647424697876
30 11.404211282730103
30 11.506527662277222
30 11.608849048614502
30 11.711507558822632
30 11.81412649154663
29 11.9166841506958
29 12.019157409667969
29 12.121765851974487
29 12.224068880081177
28 12.326529502868652
28 12.42905569076538
28 12.531720161437988
28 12.634694814682007
28 12.737924575805664
27 12.840530157089233
27 12.942791938781738
27 13.045164108276367
27 13.147846698760986
27 13.250243902206421
27 13.352557897567749
27 13.45493459701538
27 13.557250261306763
27 13.659693002700806
27 13.762133836746216
27 13.864243984222412
27 13.966665029525757
27 14.069098711013794
27 14.171935796737671
28 14.274139404296875
28 14.376523494720459
28 14.478840351104736
29 14.58115553855896
29 14.683666229248047
30 14.78624153137207
30 14.888757467269897
30 14.991048336029053
31 15.093322038650513
31 15.19566559791565
31 15.298279047012329
31 15.400733947753906
31 15.503697156906128
31 15.606046199798584
31 15.708207130432129
31 15.810661792755127
31 15.913033962249756
31 16.015690088272095
31 16.118333339691162
31 16.220775365829468
31 16.323176860809326
30 16.425677061080933
30 16.52912139892578
30 16.633361101150513
30 16.737469911575317
30 16.84160041809082
29 16.94573140144348
29 17.049360752105713
29 17.154278993606567
29 17.25732159614563
28 17.360921621322632
28 17.464706659317017
28 17.569520235061646
28 17.672811031341553
28 17.777204751968384
28 17.880836963653564
28 17.984200954437256
28 18.0867338180542
28 18.190783739089966
28 18.294832229614258
28 18.399259328842163
28 18.50437307357788
28 18.608364820480347
29 18.712435245513916
29 18.816715478897095
29 18.92145347595215
29 19.0249183177948
30 19.129377365112305
30 19.234262704849243
30 19.338456392288208
30 19.44243812561035
31 19.546065092086792
31 19.650090217590332
31 19.754321336746216
31 19.85787606239319
31 19.961706161499023
31 20.06582760810852
31 20.17083764076233
31 20.2745144367218
31 20.37839126586914
31 20.482590436935425
30 20.586305379867554
30 20.690521478652954
30 20.794086456298828
30 20.89899182319641
29 21.003416061401367
29 21.107518434524536
29 21.2108314037323
29 21.314865827560425
28 21.419395208358765
28 21.52321147918701
28 21.627089977264404
27 21.732060432434082
27 21.83690071105957
27 21.940293312072754
27 22.044168949127197
27 22.148096323013306
27 22.251943826675415
27 22.35507035255432
27 22.45831847190857
27 22.562013387680054
27 22.666633367538452
27 22.771221160888672
27 22.87439727783203
27 22.978577136993408
28 23.08251404762268
28 23.18674111366272
28 23.28983211517334
29 23.393948554992676
29 23.498603582382202
29 23.604095935821533
30 23.707314014434814
30 23.81082010269165
30 23.914393663406372
30 24.017746686935425
31 24.12094521522522
31 24.225109100341797
31 24.330590963363647
31 24.435559511184692
31 24.539022207260132
31 24.643472909927368
31 24.74856162071228
31 24.852503776550293
31 24.9558744430542
30 25.059680700302124
30 25.16507363319397
30 25.269402503967285
30 25.373045921325684
30 25.476479530334473
29 25.58051609992981
29 25.684008359909058
29 25.78774666786194
29 25.892054796218872
28 25.995652198791504
28 26.100646495819092
28 26.20453429222107
28 26.307302951812744
28 26.411648511886597
28 26.515669345855713
28 26.618834257125854
28 26.722050666809082
28 26.826419353485107
28 26.93075942993164
28 27.03590965270996
28 27.140886783599854
28 27.244678258895874
28 27.34949827194214
28 27.45467448234558
28 27.557878255844116
29 27.661221265792847
29 27.766505002975464
29 27.870490074157715
29 27.974114179611206
30 28.078109979629517
30 28.181864261627197
30 28.286357879638672
30 28.3895263671875
31 28.493407726287842
31 28.597448348999023
31 28.70209503173828
31 28.806351900100708
31 28.909749507904053
31 29.014219760894775
31 29.11856770515442
31 29.22179865837097
31 29.325403213500977
31 29.429787635803223
30 29.53450083732605
30 29.63873839378357
30 29.742383003234863
29 29.84605121612549
29 29.951103925704956
29 30.05402660369873
29 30.15736413002014
28 30.26192545890808
28 30.36683201789856
28 30.469457864761353
28 30.57327103614807
28 30.677025318145752
27 30.781326055526733
27 30.885687112808228
27 30.98900008201599
27 31.09254264831543
27 31.19639825820923
27 31.301000118255615
27 31.4039785861969
27 31.508790969848633
27 31.61234712600708
27 31.71670174598694
28 31.82030725479126
28 31.924084901809692
28 32.02781915664673
28 32.13248085975647
29 32.23555874824524
29 32.338876247406006
29 32.44242453575134
30 32.54667925834656
30 32.650853395462036
30 32.75423884391785
30 32.85854125022888
31 32.963834047317505
31 33.06920599937439
31 33.173773765563965
31 33.27804470062256
31 33.38279604911804
31 33.485148429870605
31 33.58798384666443
31 33.691638708114624
31 33.79517459869385
30 33.89908289909363
30 34.002317667007446
30 34.105358839035034
29 34.20965647697449
29 34.314773082733154
29 34.41787528991699
29 34.520423889160156
29 34.62410879135132
28 34.72849440574646
28 34.832528591156006
28 34.936495780944824
28 35.04010510444641
27 35.14480137825012
27 35.249109506607056
27 35.35267448425293
27 35.45688509941101
27 35.561389684677124
27 35.6654372215271
27 35.769519329071045
27 35.874178409576416
27 35.9788920879364
27 36.08294343948364
28 36.1861310005188
28 36.28963828086853
28 36.39475893974304
29 36.49960112571716
29 36.60269331932068
29 36.705249547958374
30 36.80940914154053
30 36.914045572280884
30 37.018160581588745
31 37.12205457687378
31 37.22599530220032
31 37.33132338523865
31 37.435439586639404
31 37.53932285308838
31 37.64323163032532
31 37.74672532081604
31 37.84964990615845
30 37.95285725593567
30 38.057273149490356
30 38.16164827346802
30 38.266505002975464
29 38.36971735954285
29 38.4743766784668
29 38.57922601699829
29 38.68303465843201
28 38.785518646240234
28 38.888845443725586
28 38.99362134933472
28 39.09796619415283
28 39.201295375823975
27 39.304351568222046
27 39.408215045928955
27 39.51240801811218
27 39.615594148635864
26 39.71864295005798
26 39.822354316711426
26 39.92631554603577
26 40.03166079521179
26 40.13512325286865
26 40.23844766616821
27 40.34196853637695
27 40.445624351501465
27 40.54922699928284
27 40.65270733833313
28 40.757996559143066
28 40.861427545547485
28 40.96465444564819
29 41.06818962097168
29 41.171496868133545
29 41.27473306655884
30 41.37758231163025
30 41.481399059295654
30 41.5849130153656
30 41.68833255767822
31 41.792919397354126
31 41.89717364311218
31 42.00110173225403
31 42.10460591316223
31 42.208385944366455
31 42.3118622303009
31 42.41560888290405
30 42.520888805389404
30 42.62586784362793
30 42.72970724105835
30 42.83403182029724
30 42.93830943107605
29 43.04348015785217
29 43.14722394943237
29 43.25037097930908
29 43.35492992401123
28 43.459845781326294
28 43.56314706802368
28 43.66624212265015
28 43.77049207687378
27 43.87396788597107
27 43.97690176963806
27 44.08087635040283
27 44.18492531776428
27 44.28811168670654
27 44.392353773117065
28 44.49597454071045
28 44.59997773170471
28 44.70448541641235
28 44.80878973007202
28 44.91231036186218
29 45.015814542770386
29 45.12098217010498
29 45.22492074966431
29 45.328105449676514
30 45.43135714530945
30 45.53611087799072
30 45.640384674072266
30 45.74368715286255
31 45.84742784500122
31 45.95115065574646
31 46.05577278137207
31 46.15881967544556
31 46.261897802352905
31 46.36529493331909
31 46.46919918060303
31 46.57316017150879
31 46.67672395706177
30 46.780763387680054
30 46.88478207588196
30 46.989062786102295
29 47.09237337112427
29 47.195629358291626
29 47.29928541183472
29 47.4041793346405
28 47.507657051086426
28 47.61130499839783
28 47.7156023979187
28 47.81977653503418
27 47.923433780670166
27 48.026803731918335
27 48.12924766540527
27 48.23314809799194
27 48.338268518447876
27 48.44262933731079
26 48.545711040496826
26 48.64931297302246
26 48.75497055053711
26 48.85805034637451
26 48.96190595626831
26 49.06586289405823
26 49.17074108123779
27 49.275490522384644
27 49.37987470626831
27 49.484368324279785
28 49.589014530181885
28 49.69219160079956
29 49.79676103591919
29 49.899996519088745
29 50.00470852851868
29 50.109384536743164
30 50.213401317596436
30 50.31736373901367
31 50.422171115875244
31 50.52561283111572
31 50.629703998565674
31 50.73422908782959
31 50.839667081832886
31 50.94322752952576
31 51.046730279922485
31 51.150115728378296
31 51.25366926193237
31 51.35665249824524
30 51.46187138557434
30 51.565637826919556
30 51.66848683357239
29 51.77435803413391
29 51.87851285934448
29 51.98241186141968
29 52.0860595703125
28 52.19106078147888
28 52.29433012008667
28 52.39863443374634
27 52.50298857688904
27 52.60542869567871
27 52.71009826660156
27 52.81382870674133
27 52.917723178863525
26 53.021615505218506
26 53.125837087631226
26 53.22963833808899
26 53.335079193115234
26 53.43989014625549
26 53.54385042190552
27 53.64715909957886
27 53.75158214569092
27 53.85569977760315
27 53.95872735977173
28 54.06362700462341
28 54.167304039001465
29 54.271987438201904
29 54.376187562942505
29 54.48028039932251
30 54.58428955078125
30 54.68784046173096
30 54.792093992233276
30 54.89539670944214
31 54.99929642677307
31 55.10405397415161
31 55.20716118812561
31 55.31056594848633
31 55.413599252700806
31 55.51707196235657
30 55.62193965911865
30 55.72553873062134
30 55.8295783996582
29 55.93263626098633
29 56.037341356277466
29 56.14126682281494
28 56.24576449394226
28 56.34962868690491
28 56.453502893447876
28 56.556806325912476
27 56.66014337539673
27 56.76366567611694
27 56.86789011955261
26 56.97122359275818
26 57.075573205947876
26 57.17959690093994
26 57.28408432006836
26 57.38728618621826
26 57.49074387550354
26 57.59442758560181
26 57.699058055877686
26 57.80294370651245
26 57.90645623207092
26 58.00954866409302
27 58.11374545097351
27 58.21869874000549
27 58.32251286506653
27 58.42617225646973
28 58.53031778335571
28 58.63540196418762
28 58.73855996131897
29 58.841885566711426
29 58.94556427001953
29 59.05090355873108
30 59.153963565826416
30 59.25885033607483
30 59.36316418647766
30 59.46833324432373
31 59.571943283081055
31 59.67623162269592
31 59.781352281570435
30 59.88584899902344
30 59.98901438713074
30 60.09277868270874
29 60.1981143951416
29 60.30292797088623
29 60.40570282936096
28 60.5100622177124
28 60.61421751976013
28 60.719075202941895
28 60.822327613830566
28 60.9256865978241
27 61.02981185913086
27 61.13359451293945
27 61.23665738105774
26 61.34033417701721
26 61.444369077682495
26 61.54889416694641
26 61.65291213989258
26 61.75609827041626
26 61.859954833984375
26 61.964879274368286
26 62.0696063041687
26 62.17333126068115
27 62.27763056755066
27 62.381399631500244
27 62.4854793548584
27 62.58878684043884
28 62.69198417663574
28 62.79634380340576
28 62.900147438049316
29 63.00377297401428
29 63.10734820365906
29 63.21246266365051
30 63.316797971725464
30 63.420066833496094
30 63.523815393447876
30 63.62856984138489
31 63.733155965805054
31 63.836546897888184
31 63.94002842903137
31 64.04412245750427
31 64.14848971366882
31 64.25101900100708
31 64.35565423965454
30 64.46089220046997
30 64.56593108177185
30 64.66946411132812
29 64.77233719825745
29 64.87821531295776
29 64.98334193229675
28 65.08639931678772
28 65.18956446647644
28 65.29457020759583
27 65.39989376068115
27 65.50303649902344
27 65.60668063163757
27 65.71139526367188
27 65.81508612632751
26 65.92007040977478
26 66.02355170249939
27 66.1279411315918
27 66.232013463974
27 66.3360242843628
27 66.43947243690491
27 66.54296207427979
27 66.6458044052124
28 66.7494649887085
28 66.85259819030762
28 66.95653581619263
28 67.06053829193115
29 67.16515827178955
29 67.26834511756897
29 67.37307906150818
29 67.47669792175293
30 67.58036971092224
30 67.68359923362732
30 67.78649282455444
30 67.8904128074646
30 67.99435138702393
31 68.09840750694275
31 68.20232844352722
31 68.30578684806824
31 68.41201996803284
31 68.51626253128052
31 68.61929225921631
31 68.72243690490723
30 68.82684183120728
30 68.93122172355652
30 69.03484439849854
29 69.1387267112732
29 69.24217629432678
29 69.34815192222595
29 69.45225143432617
28 69.55542707443237
28 69.65858149528503
28 69.76386022567749
28 69.86711192131042
27 69.97079253196716
27 70.07496500015259
27 70.18124270439148
27 70.2842025756836
27 70.38849687576294
27 70.49215936660767
27 70.59573721885681
27 70.69930529594421
27 70.8029477596283
27 70.90682554244995
27 71.01106452941895
27 71.11541414260864
28 71.21890640258789
28 71.32232975959778
28 71.42729306221008
28 71.53207564353943
29 71.6365921497345
29 71.74010252952576
29 71.84416675567627
29 71.94739723205566
29 72.05029535293579
30 72.15317630767822
30 72.2569043636322
30 72.36096000671387
30 72.46561598777771
31 72.56948947906494
31 72.67229962348938
31 72.77666425704956
31 72.88059115409851
31 72.98329496383667
31 73.08634972572327
31 73.19026517868042
31 73.29430818557739
30 73.39761185646057
30 73.50200724601746
30 73.60646843910217
30 73.71103310585022
29 73.81449437141418
29 73.91778802871704
29 74.02234745025635
28 74.12736392021179
28 74.23138737678528
28 74.33509492874146
28 74.43859887123108
27 74.54294300079346
27 74.64548420906067
27 74.74907493591309
27 74.85391449928284
26 74.95652556419373
26 75.06153607368469
26 75.16483521461487
26 75.26983761787415
26 75.37428259849548
26 75.47870445251465
26 75.58282518386841
26 75.68664526939392
26 75.79180932044983
26 75.89593958854675
26 76.00033140182495
26 76.10514974594116
26 76.20892000198364
26 76.31212306022644
27 76.41688919067383
27 76.52020716667175
27 76.62522459030151
28 76.72957181930542
28 76.83277654647827
28 76.93639612197876
28 77.04072642326355
29 77.14531588554382
29 77.24883890151978
29 77.35320043563843
30 77.4574658870697
30 77.56117796897888
30 77.66438293457031
30 77.76777052879333
30 77.87154364585876
31 77.97468447685242
31 78.07811832427979
31 78.18165016174316
31 78.28585195541382
31 78.38884902000427
31 78.49330520629883
30 78.59639430046082
30 78.70042014122009
30 78.8051495552063
30 78.91006755828857
29 79.01314878463745
29 79.11667108535767
29 79.2199649810791
28 79.32464075088501
28 79.42784667015076
28 79.53129291534424
28 79.63687896728516
28 79.74175691604614
27 79.84476685523987
27 79.94821429252625
27 80.0518856048584
27 80.15657687187195
27 80.2592339515686
27 80.36236357688904
27 80.46580266952515
27 80.56932616233826
28 80.67292213439941
28 80.77618646621704
28 80.88039994239807
28 80.98516130447388
28 81.09055066108704
29 81.19444680213928
29 81.29834055900574
29 81.40215826034546
29 81.5065016746521
30 81.60996770858765
30 81.7132956981659
30 81.81815195083618
30 81.92256259918213
30 82.02608489990234
31 82.12946557998657
31 82.2329204082489
31 82.33767366409302
31 82.44076108932495
31 82.54395079612732
31 82.64752507209778
31 82.7522783279419
31 82.85793328285217
30 82.96092963218689
30 83.06397843360901
30 83.16625022888184
29 83.27070879936218
29 83.37428283691406
29 83.4789969921112
29 83.58342242240906
28 83.68852806091309
28 83.7919020652771
28 83.89509868621826
27 83.99943375587463
27 84.10394167900085
27 84.20734429359436
27 84.31087064743042
27 84.41380977630615
26 84.51704001426697
27 84.62122225761414
27 84.72494792938232
27 84.82983207702637
27 84.93378782272339
27 85.03865671157837
27 85.14178466796875
27 85.24525451660156
28 85.34841418266296
28 85.45269727706909
28 85.55610752105713
29 85.66031527519226
29 85.76380276679993
29 85.86797070503235
29 85.97094702720642
30 86.07505178451538
30 86.17925500869751
30 86.28421235084534
30 86.38708257675171
30 86.49003267288208
31 86.59354138374329
31 86.69852876663208
31 86.80384635925293
31 86.90779852867126
31 87.01123690605164
31 87.1172468662262
30 87.221515417099
30 87.32461190223694
30 87.42978096008301
30 87.5344169139862
29 87.63801407814026
29 87.74189758300781
29 87.84736156463623
28 87.95239806175232
28 88.05672788619995
28 88.1602373123169
28 88.26402616500854
27 88.36806774139404
27 88.47208952903748
27 88.57570314407349
27 88.67931389808655
27 88.78367829322815
27 88.88707995414734
27 88.99022698402405
28 89.09556007385254
28 89.19979596138
28 89.30405163764954
28 89.40739917755127
28 89.5107569694519
29 89.61498832702637
29 89.72021198272705
29 89.8240692615509
30 89.92831492424011
30 90.03205251693726
30 90.13626861572266
30 90.23944020271301
30 90.34335708618164
31 90.44780993461609
31 90.55108976364136
31 90.65382528305054
31 90.75757050514221
31 90.861572265625
31 90.96775197982788
30 91.07042026519775
30 91.17442584037781
30 91.27871012687683
29 91.38299417495728
29 91.48751497268677
29 91.59081959724426
29 91.69514584541321
28 91.80051684379578
28 91.90522456169128
28 92.00841808319092
28 92.11133003234863
27 92.21549606323242
27 92.31975650787354
27 92.42291617393494
27 92.52572584152222
27 92.62986159324646
27 92.73395323753357
27 92.83739805221558
27 92.94196653366089
27 93.0470519065857
27 93.1515781879425
27 93.25477719306946
27 93.3587691783905
27 93.46229124069214
27 93.56584692001343
28 93.66838669776917
28 93.77158951759338
28 93.87657594680786
28 93.98179960250854
29 94.08631777763367
29 94.18990683555603
29 94.29434609413147
29 94.39889192581177
30 94.50141978263855
30 94.60455083847046
30 94.70773696899414
30 94.81115651130676
30 94.91527724266052
30 95.01828122138977
31 95.12188148498535
31 95.22572302818298
31 95.33004021644592
30 95.43236374855042
30 95.53587603569031
30 95.64081501960754
30 95.74468350410461
29 95.84951090812683
29 95.95284414291382
29 96.05624604225159
28 96.16043996810913
28 96.26415467262268
28 96.36790037155151
28 96.47155928611755
27 96.57521224021912
27 96.68083024024963
27 96.78387188911438
27 96.88709807395935
27 96.99133729934692
26 97.095130443573
27 97.19789123535156
27 97.3017942905426
27 97.40608429908752
27 97.51102185249329
27 97.61357283592224
27 97.71771144866943
27 97.82142162322998
27 97.92559123039246
28 98.03088474273682
28 98.13441610336304
28 98.23816442489624
28 98.34188842773438
29 98.44730854034424
29 98.5502393245697
29 98.6541075706482
30 98.75844097137451
30 98.86305546760559
30 98.966867685318
31 99.07042264938354
31 99.17517971992493
31 99.27950239181519
31 99.38269758224487
31 99.48684167861938
31 99.59120774269104
31 99.69512605667114
30 99.7988543510437
30 99.90353679656982
30 100.00787043571472
29 100.1126012802124
29 100.21583127975464
29 100.31985759735107
28 100.42489743232727
28 100.52995467185974
28 100.63355302810669
28 100.7370240688324
28 100.84165954589844
27 100.94545269012451
27 101.04825401306152
27 101.151611328125
27 101.25588512420654
27 101.36064577102661
27 101.46516489982605
27 101.56854820251465
27 101.67197394371033
28 101.77537536621094
28 101.87965178489685
28 101.98236441612244
28 102.08651804924011
29 102.18891716003418
29 102.29402160644531
29 102.39695119857788
29 102.50018167495728
29 102.60444164276123
30 102.70820355415344
30 102.81318688392639
30 102.91652989387512
30 103.02056360244751
30 103.12411999702454
31 103.22890639305115
31 103.33237385749817
31 103.43596744537354
31 103.54068374633789
31 103.64530682563782
31 103.74956917762756
31 103.85408234596252
31 103.95796179771423
30 104.06271052360535
30 104.16595888137817
30 104.2701473236084
29 104.37472033500671
29 104.47944021224976
29 104.58300113677979
29 104.68629598617554
28 104.79081654548645
28 104.8951952457428
28 104.99832105636597
28 105.10351300239563
28 105.20816397666931
28 105.31375288963318
28 105.41735863685608
28 105.52234816551208
28 105.62745761871338
28 105.73146438598633
28 105.83462572097778
29 105.93979501724243
29 106.0448386669159
29 106.15075445175171
29 106.25416398048401
29 106.35749387741089
30 106.46207690238953
30 106.56719541549683
30 106.6706211566925
30 106.77479290962219
30 106.87876057624817
31 106.98303437232971
31 107.08716225624084
31 107.19062280654907
31 107.29584217071533
31 107.40052771568298
31 107.50377178192139
31 107.60833740234375
30 107.7123453617096
30 107.81631350517273
30 107.92018365859985
29 108.0237455368042
29 108.12823486328125
29 108.23342895507812
29 108.33776593208313
28 108.44235372543335
28 108.54767727851868
28 108.65008735656738
27 108.75311064720154
27 108.85647511482239
27 108.9609866142273
27 109.0659236907959
26 109.16949892044067
26 109.27325367927551
26 109.37766218185425
26 109.48135423660278
26 109.58500242233276
26 109.68926358222961
26 109.79367017745972
27 109.89882349967957
27 110.00237679481506
27 110.10632181167603
27 110.2113778591156
28 110.31636786460876
28 110.42005014419556
28 110.5238094329834
29 110.62769961357117
29 110.73201084136963
29 110.83506798744202
30 110.93858027458191
30 111.04286575317383
30 111.14706134796143
30 111.25066494941711
31 111.35417318344116
31 111.45797657966614
31 111.56193447113037
31 111.66657400131226
31 111.77046394348145
31 111.87558555603027
31 111.98026490211487
30 112.08364343643188
30 112.18684267997742
30 112.2903323173523
29 112.39452338218689
29 112.4988706111908
29 112.60251808166504
28 112.7056655883789
28 112.80915188789368
28 112.91437101364136
27 113.01756572723389
27 113.12118816375732
27 113.22496557235718
26 113.32893824577332
26 113.43190789222717
26 113.53550410270691
26 113.63872480392456
26 113.74390530586243
26 113.84822583198547
26 113.95183658599854
26 114.0568597316742
27 114.16118144989014
27 114.2635133266449
27 114.36719751358032
27 114.47094058990479
28 114.57447385787964
28 114.67881083488464
28 114.78188943862915
29 114.8853747844696
29 114.98860836029053
29 115.09293627738953
30 115.19594359397888
30 115.29912090301514
30 115.4031023979187
30 115.50820207595825
30 115.6126639842987
31 115.71690845489502
31 115.82155323028564
31 115.92495083808899
30 116.02933621406555
30 116.13243341445923
30 116.23643708229065
29 116.34153294563293
29 116.44480204582214
29 116.54942893981934
28 116.6524248123169
28 116.75609540939331
28 116.86132407188416
27 116.96431612968445
27 117.06771850585938
27 117.17223906517029
27 117.27634119987488
26 117.37926840782166
26 117.4840145111084
26 117.58853363990784
26 117.69280862808228
27 117.79594159126282
27 117.89925408363342
27 118.00430512428284
27 118.1089723110199
27 118.21228504180908
27 118.31597423553467
28 118.42053842544556
28 118.52494239807129
28 118.62753319740295
29 118.73086309432983
29 118.83488869667053
30 118.93932008743286
30 119.04398536682129
30 119.1473777294159
30 119.25095415115356
31 119.35572361946106
31 119.46046590805054
31 119.5637366771698
31 119.66731405258179
32 119.77173161506653
32 119.876056432724
32 119.979501247406
32 120.08296227455139
