189 9.5367431640625e-07
187 0.6202936172485352
190 0.7240774631500244
196 0.8261985778808594
201 0.928077220916748
205 1.0303733348846436
212 1.1326124668121338
218 1.2350654602050781
225 1.3373546600341797
230 1.4401061534881592
235 1.543412208557129
238 1.6462397575378418
239 1.7484354972839355
237 1.8505563735961914
232 1.9528703689575195
221 2.05521821975708
214 2.1581597328186035
210 2.2605860233306885
206 2.3629696369171143
202 2.4652950763702393
197 2.567560911178589
196 2.6699938774108887
197 2.772568702697754
197 2.875659227371216
200 2.9780235290527344
206 3.0804286003112793
212 3.1824145317077637
217 3.2845680713653564
222 3.386775016784668
227 3.488931894302368
231 3.5910189151763916
235 3.6932804584503174
238 3.7954013347625732
240 3.897523880004883
242 3.9996631145477295
243 4.101796388626099
242 4.204047203063965
240 4.306642055511475
240 4.408886909484863
239 4.51118016242981
238 4.61347508430481
239 4.71597695350647
236 4.818382978439331
233 4.920701742172241
229 5.022850751876831
223 5.1248579025268555
219 5.226806640625
216 5.32893967628479
215 5.430943489074707
218 5.533148527145386
220 5.635346412658691
223 5.737610578536987
225 5.839863300323486
227 5.942034721374512
229 6.044128894805908
231 6.146263599395752
234 6.248423099517822
237 6.350558042526245
237 6.452834606170654
238 6.55503511428833
239 6.657244682312012
240 6.759380102157593
237 6.861490488052368
233 6.963773727416992
223 7.066072225570679
214 7.168408155441284
207 7.270883560180664
201 7.373117685317993
196 7.475410223007202
192 7.577595949172974
191 7.679888010025024
191 7.78219199180603
192 7.884453296661377
194 7.986670255661011
194 8.089207172393799
194 8.191416501998901
199 8.293707847595215
203 8.396228313446045
209 8.498534440994263
212 8.600926637649536
217 8.70320439338684
222 8.805644035339355
225 8.907944917678833
229 9.010242462158203
234 9.11245322227478
235 9.214662790298462
238 9.317208766937256
239 9.419777631759644
238 9.522146463394165
236 9.624389410018921
231 9.726815700531006
226 9.82910418510437
220 9.931302547454834
217 10.033786296844482
211 10.136075258255005
206 10.23876953125
201 10.34176516532898
198 10.444069623947144
196 10.546377420425415
195 10.648636102676392
194 10.751051187515259
194 10.853710174560547
195 10.956733703613281
200 11.059037208557129
203 11.16123914718628
206 11.263764142990112
210 11.366384744644165
214 11.468935251235962
219 11.571387529373169
224 11.674175500869751
230 11.776993989944458
233 11.87895393371582
236 11.980997085571289
239 12.083184003829956
241 12.185347080230713
242 12.287648677825928
242 12.390111446380615
239 12.492226839065552
236 12.594264268875122
231 12.696413516998291
222 12.798518419265747
218 12.900861740112305
214 13.00309944152832
210 13.105748176574707
207 13.207928895950317
202 13.31008768081665
199 13.412224769592285
199 13.514331579208374
197 13.616464376449585
197 13.718599796295166
196 13.82080602645874
197 13.923321962356567
199 14.025773286819458
202 14.127983808517456
207 14.23009181022644
211 14.332237958908081
215 14.434325695037842
221 14.536654472351074
227 14.639563083648682
234 14.741952180862427
237 14.844040393829346
240 14.946163415908813
241 15.048302412033081
242 15.150443077087402
243 15.25268816947937
244 15.354970693588257
242 15.457170248031616
241 15.55985403060913
238 15.662321090698242
232 15.764652729034424
223 15.866941928863525
215 15.969200372695923
210 16.071441173553467
206 16.173922300338745
202 16.27682399749756
201 16.379050493240356
200 16.481409549713135
199 16.585249662399292
199 16.68861746788025
199 16.792059898376465
200 16.89544153213501
202 17.000218629837036
206 17.10283088684082
210 17.206055641174316
216 17.309154510498047
221 17.413673162460327
227 17.517268896102905
232 17.620172023773193
235 17.724001169204712
239 17.827908515930176
241 17.932447910308838
242 18.035648584365845
243 18.139525175094604
244 18.243831157684326
244 18.347421884536743
244 18.451104879379272
244 18.55406379699707
244 18.658019542694092
244 18.761563539505005
241 18.86537194252014
236 18.968555212020874
228 19.072208404541016
219 19.175930976867676
212 19.281896591186523
207 19.385233402252197
202 19.488632202148438
200 19.592313528060913
198 19.697844982147217
196 19.800909519195557
194 19.904187202453613
193 20.008042573928833
194 20.11279797554016
196 20.215442895889282
201 20.318691730499268
205 20.422144889831543
210 20.52550506591797
216 20.630371809005737
223 20.73376989364624
228 20.838435173034668
233 20.94308829307556
235 21.04870367050171
237 21.15212392807007
240 21.25560212135315
242 21.35981297492981
242 21.46440887451172
240 21.56815195083618
236 21.671783208847046
231 21.77713894844055
225 21.88169550895691
216 21.98625159263611
208 22.089194536209106
202 22.193439483642578
197 22.298787593841553
192 22.40259599685669
192 22.506442546844482
191 22.610944986343384
191 22.71646785736084
190 22.819511651992798
191 22.923831462860107
196 23.028599739074707
201 23.13198947906494
209 23.236064195632935
214 23.34035897254944
220 23.443958282470703
226 23.548903942108154
231 23.65222978591919
236 23.756743907928467
240 23.861050605773926
243 23.965564250946045
244 24.06912660598755
244 24.173150062561035
244 24.276912927627563
244 24.380150079727173
244 24.48350715637207
244 24.586904525756836
244 24.691264390945435
241 24.796541929244995
237 24.899705410003662
231 25.00432324409485
226 25.107683658599854
219 25.21201229095459
213 25.314087867736816
208 25.417333364486694
205 25.520926475524902
203 25.62452507019043
202 25.728759765625
201 25.831502437591553
202 25.935383081436157
208 26.039207458496094
214 26.142308712005615
219 26.24772334098816
224 26.35090684890747
228 26.45552968978882
232 26.560415744781494
235 26.66323161125183
238 26.76626420021057
240 26.870903491973877
242 26.975853443145752
244 27.08222270011902
244 27.18607759475708
244 27.289725303649902
244 27.394395351409912
244 27.499255895614624
244 27.602455139160156
240 27.70706295967102
236 27.811970710754395
229 27.91513204574585
222 28.018075466156006
215 28.12261128425598
208 28.226414680480957
203 28.331360816955566
197 28.43473482131958
193 28.539666414260864
190 28.64359211921692
190 28.74826979637146
190 28.851314544677734
191 28.955395460128784
191 29.059969663619995
193 29.163655042648315
196 29.266741514205933
201 29.370977640151978
209 29.47480821609497
215 29.578857421875
221 29.682520389556885
226 29.786208868026733
231 29.889907836914062
235 29.995062828063965
238 30.09864902496338
240 30.203741550445557
243 30.307531595230103
244 30.411805152893066
245 30.5151584148407
244 30.61837387084961
244 30.72256350517273
244 30.826226711273193
244 30.929274559020996
244 31.03268575668335
244 31.136646509170532
243 31.240047454833984
240 31.344227075576782
234 31.44791293144226
228 31.551828384399414
220 31.65521001815796
214 31.75858497619629
209 31.863106966018677
206 31.966930389404297
202 32.07033658027649
200 32.173425912857056
198 32.276142597198486
197 32.38090991973877
199 32.48496699333191
203 32.59008502960205
207 32.69507074356079
209 32.79823541641235
213 32.902737855911255
217 33.0077748298645
222 33.110068798065186
227 33.21471452713013
231 33.320412158966064
235 33.42486310005188
239 33.528934717178345
240 33.63209581375122
242 33.73602533340454
242 33.83956503868103
241 33.94415283203125
235 34.047666788101196
229 34.1509473323822
218 34.254483699798584
210 34.358060359954834
202 34.46131157875061
194 34.564942836761475
188 34.668636322021484
182 34.77264380455017
181 34.875787019729614
182 34.98044490814209
183 35.08445429801941
183 35.189093589782715
183 35.29142355918884
186 35.395024061203
190 35.49925899505615
195 35.6027946472168
201 35.708139419555664
207 35.81162428855896
212 35.915759801864624
217 36.02080726623535
223 36.12583804130554
225 36.22943115234375
228 36.33315396308899
231 36.43830156326294
234 36.54253554344177
236 36.646549463272095
236 36.7512047290802
234 36.855029344558716
230 36.959150075912476
222 37.06206274032593
213 37.16665005683899
203 37.27119207382202
195 37.37640118598938
190 37.48017954826355
187 37.585474252700806
188 37.68956136703491
187 37.793781995773315
188 37.89765739440918
190 38.001368045806885
195 38.105039834976196
201 38.20901393890381
208 38.31292724609375
213 38.41654562950134
222 38.52056622505188
229 38.62501263618469
233 38.728123903274536
236 38.83231735229492
239 38.935373067855835
241 39.03978109359741
241 39.14353322982788
241 39.246689796447754
241 39.35111737251282
239 39.45495080947876
238 39.55966591835022
240 39.66378855705261
238 39.76786971092224
232 39.871535301208496
222 39.976478576660156
212 40.08072304725647
205 40.184956789016724
197 40.28884482383728
193 40.392258405685425
192 40.4952552318573
190 40.59913897514343
190 40.70299935340881
189 40.80732011795044
189 40.91084337234497
189 41.01504445075989
192 41.119988679885864
196 41.223201513290405
200 41.32689189910889
206 41.43052816390991
210 41.534053802490234
217 41.63706302642822
224 41.740442752838135
230 41.843254804611206
235 41.94651174545288
237 42.0505850315094
239 42.155335903167725
240 42.258214712142944
241 42.36150598526001
242 42.466686964035034
241 42.57174348831177
241 42.6756010055542
239 42.7800772190094
236 42.88354206085205
229 42.98864698410034
221 43.09242129325867
216 43.196170806884766
214 43.30004382133484
210 43.40417671203613
206 43.50765943527222
203 43.61079144477844
200 43.71679091453552
197 43.82204723358154
193 43.925737142562866
192 44.02908706665039
192 44.13331341743469
194 44.23840641975403
197 44.342005252838135
201 44.445088624954224
204 44.54878783226013
206 44.653870820999146
207 44.75711703300476
209 44.860772371292114
211 44.9650502204895
215 45.06840777397156
219 45.17211198806763
223 45.27592444419861
227 45.379560232162476
231 45.48317766189575
233 45.587348222732544
233 45.691169023513794
228 45.79434847831726
223 45.89915919303894
217 46.00404953956604
211 46.10717797279358
207 46.21080255508423
206 46.31603288650513
204 46.42109203338623
204 46.524107694625854
205 46.62779903411865
206 46.73285269737244
206 46.83794283866882
206 46.94109654426575
207 47.0440628528595
212 47.148343324661255
216 47.25210738182068
220 47.35633897781372
225 47.460196018218994
230 47.56389832496643
232 47.66745948791504
234 47.77153038978577
235 47.87562322616577
238 47.9791533946991
239 48.08304500579834
240 48.187381982803345
240 48.29106688499451
237 48.39530873298645
232 48.49919319152832
226 48.60344743728638
219 48.706639528274536
212 48.80980944633484
208 48.91513991355896
205 49.02008008956909
203 49.123199701309204
199 49.22642278671265
193 49.33117699623108
192 49.43479251861572
192 49.5382022857666
190 49.64201283454895
192 49.74598836898804
196 49.85151481628418
200 49.954930543899536
205 50.05819821357727
209 50.16221833229065
215 50.26696515083313
218 50.369383335113525
222 50.47258806228638
227 50.57623362541199
231 50.6802613735199
234 50.78407382965088
236 50.887125968933105
237 50.99036240577698
237 51.09458303451538
235 51.19982933998108
231 51.303391218185425
227 51.40695381164551
220 51.510626792907715
212 51.614272117614746
207 51.71936655044556
203 51.82221579551697
199 51.927215337753296
192 52.03061890602112
190 52.13470959663391
188 52.2383975982666
187 52.34374666213989
184 52.44933772087097
183 52.552048444747925
182 52.65544319152832
181 52.75995969772339
184 52.862778663635254
187 52.96863102912903
190 53.07176685333252
193 53.17701458930969
200 53.28045701980591
208 53.38681983947754
213 53.49109172821045
217 53.59520196914673
220 53.699042558670044
225 53.8038227558136
228 53.907156467437744
228 54.01127600669861
227 54.118001222610474
228 54.220980644226074
227 54.32410717010498
225 54.427611112594604
220 54.53083157539368
212 54.63550066947937
209 54.739131689071655
207 54.84285306930542
206 54.94621825218201
205 55.05082058906555
204 55.15447378158569
201 55.25789451599121
199 55.360790491104126
199 55.46482849121094
199 55.56810283660889
204 55.67176342010498
207 55.77636218070984
210 55.88099932670593
214 55.98331165313721
219 56.08723759651184
223 56.191105365753174
228 56.294997692108154
232 56.39943790435791
236 56.50346755981445
238 56.60677456855774
240 56.71027755737305
241 56.81433439254761
240 56.917412996292114
240 57.02161240577698
239 57.12591338157654
238 57.23090958595276
234 57.3344841003418
225 57.43802261352539
219 57.54181432723999
214 57.6457953453064
210 57.751502990722656
207 57.85573101043701
206 57.96020722389221
205 58.063730239868164
206 58.16683340072632
206 58.2709436416626
204 58.374107122421265
201 58.478766441345215
200 58.581666469573975
202 58.684940814971924
206 58.78868770599365
210 58.89243984222412
215 58.99653100967407
220 59.0998477935791
225 59.20405864715576
231 59.30785822868347
234 59.411070108413696
237 59.514503955841064
237 59.61763024330139
238 59.72173619270325
236 59.82629418373108
232 59.9310040473938
225 60.03397011756897
220 60.137187480926514
212 60.24112558364868
209 60.34565782546997
210 60.449878454208374
209 60.55281639099121
208 60.656771421432495
207 60.76104426383972
207 60.864110469818115
207 60.96802067756653
207 61.07159948348999
208 61.17591309547424
212 61.2791588306427
216 61.38219976425171
219 61.486310720443726
225 61.59074020385742
229 61.69437003135681
235 61.79724979400635
239 61.9007625579834
241 62.00450611114502
242 62.10796856880188
243 62.211610555648804
243 62.315391540527344
243 62.419511795043945
243 62.52367162704468
242 62.62655830383301
241 62.7295937538147
240 62.83306431770325
237 62.9371235370636
232 63.04088759422302
220 63.144627809524536
214 63.24755358695984
211 63.352349281311035
209 63.45783805847168
206 63.56093382835388
203 63.665454626083374
201 63.76980900764465
200 63.87458896636963
199 63.97816300392151
202 64.08292746543884
206 64.1885154247284
208 64.29233527183533
213 64.39596056938171
218 64.4995346069336
225 64.60390067100525
229 64.70848822593689
234 64.81240487098694
236 64.91685056686401
238 65.0200092792511
239 65.12455821037292
239 65.22751259803772
239 65.33141756057739
238 65.43555665016174
238 65.539710521698
237 65.64350938796997
232 65.74748706817627
226 65.8515055179596
218 65.95582342147827
215 66.05845475196838
214 66.16183972358704
213 66.2655417919159
211 66.3692774772644
209 66.47348403930664
208 66.57680988311768
209 66.68115139007568
208 66.785475730896
209 66.89048480987549
210 66.99393439292908
212 67.09754943847656
216 67.20175194740295
220 67.30698418617249
224 67.410813331604
229 67.51517391204834
236 67.6199266910553
238 67.72532439231873
239 67.82891249656677
241 67.93409371376038
242 68.03913354873657
242 68.14341139793396
242 68.246417760849
242 68.3498306274414
241 68.45435285568237
239 68.55791473388672
235 68.66085028648376
229 68.76541996002197
223 68.87006616592407
220 68.97411489486694
217 69.07794713973999
215 69.18312382698059
212 69.2867443561554
210 69.39087867736816
208 69.49371767044067
207 69.59714102745056
205 69.70119619369507
203 69.8048837184906
204 69.90785002708435
205 70.01142930984497
208 70.11436367034912
212 70.21879506111145
217 70.32362127304077
221 70.42693662643433
225 70.53125476837158
229 70.63564252853394
232 70.73987770080566
235 70.8433825969696
238 70.94689226150513
239 71.05004644393921
240 71.15429353713989
240 71.258065700531
240 71.36160707473755
239 71.46524262428284
239 71.57003784179688
237 71.67317938804626
236 71.77666640281677
233 71.88047289848328
228 71.98522615432739
221 72.08816170692444
217 72.19104528427124
213 72.29498291015625
213 72.40018582344055
211 72.50525116920471
209 72.60797452926636
208 72.71233129501343
207 72.81717729568481
205 72.92248940467834
206 73.0254259109497
209 73.13007712364197
213 73.2348690032959
216 73.3400571346283
220 73.44361186027527
223 73.54804873466492
226 73.65240383148193
232 73.7584400177002
234 73.86159062385559
235 73.96566891670227
236 74.06956505775452
236 74.17423152923584
236 74.27753400802612
236 74.38084697723389
233 74.48437213897705
230 74.58987021446228
226 74.69290733337402
219 74.79681444168091
213 74.90175366401672
211 75.0068633556366
209 75.11004567146301
206 75.21439504623413
205 75.31839919090271
204 75.42348980903625
203 75.52658581733704
201 75.63096880912781
204 75.73548293113708
207 75.84079694747925
211 75.94394969940186
215 76.04922938346863
220 76.15408873558044
228 76.25889086723328
234 76.3626754283905
238 76.46690487861633
239 76.57198143005371
240 76.67597270011902
241 76.77952814102173
241 76.88497138023376
241 76.98861765861511
243 77.09262084960938
243 77.19657874107361
243 77.30073475837708
243 77.40489721298218
242 77.50909852981567
238 77.6127552986145
235 77.71645998954773
234 77.82064008712769
227 77.92497420310974
224 78.02833795547485
221 78.13275742530823
220 78.23712682723999
218 78.34105968475342
219 78.44483828544617
220 78.54975318908691
219 78.65501236915588
221 78.75922966003418
223 78.86274766921997
226 78.96645545959473
231 79.06949257850647
235 79.17445349693298
238 79.2774965763092
241 79.38096714019775
242 79.48610758781433
244 79.59136605262756
244 79.69453740119934
244 79.79764652252197
244 79.90253591537476
244 80.00752019882202
244 80.11105966567993
244 80.2146897315979
243 80.31907820701599
242 80.42325472831726
240 80.52666568756104
233 80.63026285171509
226 80.73451662063599
219 80.83920574188232
213 80.94469380378723
209 81.04869103431702
208 81.15477395057678
207 81.26022601127625
207 81.36326479911804
207 81.46667146682739
209 81.57042717933655
212 81.67353010177612
216 81.77719449996948
222 81.88074564933777
226 81.98595476150513
231 82.08996796607971
234 82.19372391700745
236 82.29840517044067
238 82.40194869041443
239 82.50604510307312
239 82.61102557182312
241 82.71497321128845
241 82.81830525398254
242 82.92281198501587
243 83.02794337272644
243 83.13099193572998
243 83.23540782928467
243 83.33994770050049
242 83.44636678695679
238 83.55093097686768
233 83.65444874763489
227 83.75888800621033
223 83.86327958106995
221 83.96698951721191
220 84.07072639465332
218 84.17569065093994
217 84.28075528144836
217 84.38425040245056
218 84.48760867118835
220 84.59084820747375
225 84.69492053985596
232 84.79840517044067
235 84.90182566642761
238 85.00595283508301
240 85.11118173599243
242 85.21490430831909
242 85.31985235214233
243 85.42317938804626
243 85.5272867679596
244 85.63026022911072
244 85.73455953598022
244 85.8391625881195
243 85.94323778152466
243 86.04657745361328
243 86.14952635765076
244 86.25263333320618
244 86.35616993904114
243 86.45996928215027
240 86.56287550926208
236 86.66598415374756
231 86.77031898498535
230 86.87483787536621
229 86.97822046279907
229 87.08125066757202
230 87.18582916259766
231 87.29034924507141
230 87.39413642883301
228 87.49741816520691
226 87.60114240646362
226 87.70565366744995
227 87.8084647655487
230 87.91162514686584
233 88.01578092575073
234 88.12148475646973
236 88.22555780410767
239 88.32853102684021
242 88.43318915367126
244 88.53696060180664
244 88.64118075370789
244 88.74467968940735
244 88.8483247756958
244 88.95156931877136
244 89.05492639541626
244 89.15876007080078
244 89.26214337348938
241 89.36593985557556
236 89.46947288513184
229 89.57355952262878
227 89.6767783164978
225 89.78030323982239
224 89.885812997818
223 89.9901270866394
222 90.0931646823883
223 90.19824147224426
224 90.3028552532196
227 90.40555739402771
231 90.509028673172
236 90.61295986175537
240 90.71741771697998
241 90.82228374481201
242 90.92591691017151
243 91.02962398529053
243 91.13322949409485
243 91.23824739456177
242 91.34158301353455
242 91.44526481628418
242 91.54921436309814
242 91.65348720550537
242 91.75797581672668
242 91.86246132850647
242 91.96620512008667
242 92.07121324539185
242 92.17549705505371
243 92.27920484542847
243 92.38268995285034
242 92.48720502853394
238 92.59074068069458
234 92.69377756118774
231 92.79796767234802
228 92.90200567245483
227 93.00689625740051
227 93.11103844642639
228 93.21449112892151
228 93.31828904151917
229 93.42318439483643
232 93.52669501304626
232 93.63065242767334
231 93.73546361923218
233 93.84012269973755
237 93.94385290145874
240 94.04768514633179
241 94.15316104888916
243 94.25559520721436
243 94.3583083152771
242 94.46210646629333
242 94.5654890537262
242 94.66970992088318
242 94.7730040550232
242 94.87664890289307
242 94.98146867752075
242 95.08606338500977
242 95.1895067691803
242 95.29320478439331
242 95.39687299728394
242 95.50176787376404
242 95.60477566719055
243 95.7082462310791
243 95.8129072189331
241 95.9180359840393
236 96.02201557159424
232 96.12550187110901
231 96.2295594215393
231 96.33286929130554
230 96.43620562553406
231 96.5392861366272
231 96.642991065979
231 96.74699115753174
230 96.8501877784729
230 96.9530918598175
230 97.05591320991516
228 97.15986275672913
227 97.26395654678345
227 97.36774468421936
229 97.4707510471344
232 97.57398962974548
235 97.67808318138123
238 97.78253746032715
241 97.88653993606567
243 97.99055099487305
243 98.09551620483398
243 98.20123481750488
244 98.30523777008057
244 98.40992188453674
243 98.51523566246033
242 98.62005615234375
239 98.72417306900024
235 98.82860469818115
228 98.93295884132385
222 99.0380744934082
218 99.14227724075317
216 99.24575662612915
214 99.34927606582642
212 99.45456004142761
211 99.55747723579407
210 99.66068577766418
208 99.76479148864746
208 99.86891222000122
209 99.97188377380371
213 100.07487225532532
218 100.1792528629303
225 100.28471326828003
230 100.38865184783936
236 100.49218153953552
239 100.59665560722351
240 100.70064997673035
241 100.80413174629211
241 100.90867495536804
241 101.01333928108215
242 101.11773490905762
243 101.221186876297
243 101.32482933998108
243 101.4284496307373
244 101.53215527534485
244 101.63510322570801
243 101.73906540870667
243 101.8425612449646
243 101.94642400741577
243 102.05046057701111
243 102.15431523323059
243 102.25843834877014
244 102.36173915863037
244 102.46567845344543
242 102.56875920295715
237 102.67298197746277
231 102.77766180038452
223 102.8826949596405
217 102.98567533493042
215 103.08906865119934
215 103.1939070224762
216 103.29779314994812
215 103.40185976028442
215 103.5053403377533
216 103.61031317710876
215 103.71503973007202
216 103.81854796409607
221 103.92211842536926
227 104.02654671669006
233 104.13028955459595
238 104.23365235328674
241 104.33697962760925
243 104.44079089164734
243 104.54523944854736
243 104.65094804763794
243 104.75547409057617
243 104.85948038101196
241 104.96361422538757
235 105.06752276420593
227 105.17128872871399
221 105.27467751502991
218 105.37876868247986
215 105.48326683044434
214 105.58671951293945
213 105.68989086151123
213 105.79325580596924
219 105.89699935913086
223 106.0007574558258
229 106.10396647453308
231 106.20774221420288
234 106.31129908561707
238 106.41547131538391
241 106.51949739456177
244 106.6233422756195
244 106.72797131538391
244 106.8324613571167
243 106.93610000610352
243 107.03964877128601
244 107.14342904090881
244 107.24720811843872
242 107.3512110710144
235 107.45521593093872
223 107.55883741378784
217 107.6619963645935
215 107.76555180549622
214 107.86856698989868
214 107.97308158874512
215 108.07814049720764
213 108.18116450309753
212 108.28501868247986
210 108.38936614990234
211 108.49360251426697
212 108.59632182121277
214 108.699387550354
215 108.8031439781189
215 108.90639758110046
215 109.01143169403076
215 109.11521029472351
217 109.21871256828308
219 109.32216024398804
218 109.42563915252686
219 109.52854657173157
220 109.63235211372375
220 109.736732006073
222 109.84035539627075
224 109.94385194778442
221 110.04719305038452
218 110.15077376365662
214 110.25566148757935
210 110.35877776145935
207 110.46261239051819
205 110.56794667243958
204 110.67265510559082
207 110.77770447731018
210 110.88139700889587
211 110.98438549041748
211 111.0880777835846
214 111.19165110588074
215 111.29496884346008
215 111.39932179450989
215 111.50342893600464
216 111.60835838317871
214 111.71163010597229
215 111.81570982933044
216 111.9192385673523
220 112.0236496925354
226 112.12703490257263
232 112.23063826560974
236 112.33466625213623
239 112.43901252746582
241 112.5420618057251
243 112.64514350891113
244 112.74897742271423
244 112.8517632484436
244 112.95751476287842
244 113.0609757900238
244 113.16496467590332
244 113.2691969871521
243 113.37265968322754
240 113.47570657730103
237 113.57872343063354
234 113.68264627456665
231 113.78687787055969
226 113.88952398300171
225 113.99281811714172
229 114.09647488594055
234 114.2002010345459
238 114.3039653301239
238 114.40681886672974
238 114.51076889038086
237 114.6141242980957
238 114.7181544303894
238 114.82197308540344
238 114.92547607421875
239 115.02929472923279
241 115.1345887184143
242 115.23736572265625
243 115.34052991867065
243 115.44522070884705
243 115.55019068717957
242 115.6557264328003
242 115.75975155830383
242 115.86457943916321
241 115.9687910079956
241 116.07179403305054
241 116.17597794532776
241 116.28008723258972
241 116.3839647769928
242 116.4909098148346
242 116.5941550731659
243 116.69730591773987
243 116.80179286003113
239 116.9042751789093
235 117.00749564170837
231 117.1120069026947
229 117.2165117263794
228 117.321444272995
230 117.42449259757996
230 117.52835726737976
230 117.6323082447052
228 117.73710322380066
226 117.84026169776917
223 117.94389224052429
220 118.04812335968018
219 118.15185403823853
221 118.25483703613281
221 118.35926532745361
224 118.46348452568054
226 118.56722474098206
230 118.67017555236816
234 118.77356338500977
238 118.87707543373108
240 118.98079228401184
242 119.0852255821228
243 119.18895411491394
243 119.29264450073242
243 119.39741683006287
239 119.50238680839539
232 119.6055908203125
222 119.70881938934326
213 119.81216359138489
206 119.91551399230957
204 120.01958966255188
