59 1.430511474609375e-06
59 0.6091556549072266
59 0.7113227844238281
58 0.8139185905456543
57 0.9159717559814453
56 1.018211841583252
55 1.1206183433532715
55 1.2234370708465576
55 1.3260681629180908
55 1.428720235824585
55 1.5314359664916992
55 1.634042739868164
55 1.7364778518676758
57 1.8386988639831543
58 1.9411249160766602
58 2.043523073196411
59 2.145894765853882
59 2.2479918003082275
59 2.3502893447875977
59 2.452643871307373
59 2.555400848388672
59 2.657944917678833
59 2.759981155395508
59 2.8622262477874756
58 2.9651498794555664
58 3.0685548782348633
58 3.170978546142578
57 3.273756504058838
57 3.3765323162078857
57 3.4786672592163086
57 3.580902099609375
58 3.683682918548584
58 3.7872660160064697
57 3.8898274898529053
57 3.9919254779815674
57 4.094262599945068
57 4.196741342544556
58 4.298532009124756
58 4.400642156600952
58 4.5027549266815186
59 4.605284214019775
59 4.707350969314575
59 4.809225082397461
59 4.911371231079102
59 5.0134193897247314
59 5.115493059158325
59 5.217765808105469
59 5.320079803466797
59 5.422313928604126
59 5.524563550949097
59 5.626774072647095
59 5.7297728061676025
59 5.832893133163452
58 5.934970378875732
58 6.037257671356201
58 6.139612197875977
58 6.242035627365112
57 6.34443211555481
57 6.446851968765259
56 6.549134969711304
56 6.651614427566528
56 6.7539777755737305
57 6.856251955032349
57 6.958585500717163
58 7.060837984085083
58 7.163755416870117
58 7.266890525817871
59 7.369192838668823
59 7.471332788467407
59 7.573556423187256
59 7.67592978477478
59 7.778320789337158
59 7.880771636962891
59 7.983193397521973
59 8.085859060287476
59 8.188438892364502
59 8.291106462478638
59 8.393786907196045
59 8.496373176574707
59 8.598613739013672
58 8.701189279556274
58 8.803349494934082
57 8.905733585357666
57 9.007690668106079
56 9.109863758087158
56 9.212049722671509
56 9.314343214035034
56 9.41668963432312
56 9.518965482711792
55 9.621106147766113
56 9.723205327987671
56 9.825253963470459
56 9.927636861801147
57 10.030178785324097
57 10.132762908935547
58 10.235481262207031
58 10.337560415267944
59 10.439685821533203
59 10.54187798500061
59 10.644278764724731
60 10.746448040008545
60 10.848616361618042
60 10.950859785079956
60 11.053174495697021
60 11.155526161193848
60 11.257774591445923
60 11.360452651977539
59 11.46254014968872
59 11.565126657485962
58 11.66735553741455
58 11.769654989242554
57 11.871866941452026
57 11.974041223526001
57 12.076218605041504
56 12.178669929504395
56 12.280978441238403
55 12.38360071182251
54 12.486308813095093
53 12.588570356369019
53 12.690816402435303
52 12.793162822723389
52 12.895728349685669
53 12.998257875442505
53 13.100635766983032
53 13.203028202056885
54 13.305436849594116
54 13.40805697441101
55 13.510444164276123
56 13.612755537033081
57 13.715269565582275
58 13.81810712814331
58 13.92034363746643
58 14.022819757461548
58 14.125139236450195
58 14.227595567703247
58 14.330061435699463
57 14.432788610458374
57 14.535196542739868
56 14.637614488601685
56 14.740078210830688
55 14.843826055526733
54 14.9467453956604
54 15.049789905548096
53 15.153446912765503
53 15.256377696990967
53 15.35992956161499
53 15.464093923568726
53 15.570340156555176
53 15.673326015472412
53 15.77690315246582
54 15.880855083465576
54 15.985814809799194
55 16.090387105941772
56 16.193982362747192
56 16.298616647720337
56 16.402679204940796
56 16.507028102874756
57 16.609782218933105
56 16.71480441093445
56 16.82022714614868
56 16.922574996948242
56 17.02749013900757
57 17.131250143051147
57 17.234800815582275
57 17.3387393951416
57 17.442729711532593
57 17.54719352722168
57 17.651296854019165
57 17.755179405212402
57 17.85878562927246
57 17.962048292160034
57 18.065927028656006
57 18.1709303855896
57 18.2751407623291
57 18.379125118255615
57 18.484158039093018
56 18.588645696640015
56 18.691815853118896
56 18.79591989517212
55 18.900028705596924
55 19.006988286972046
54 19.11066436767578
54 19.21440100669861
54 19.31827998161316
54 19.422313928604126
54 19.52561116218567
53 19.628353595733643
53 19.73173713684082
53 19.837881803512573
54 19.940598487854004
54 20.04395866394043
54 20.148397207260132
55 20.25333023071289
55 20.356126070022583
56 20.459133863449097
56 20.562664270401
57 20.666900634765625
57 20.77193307876587
57 20.87494444847107
58 20.97854971885681
58 21.08243680000305
58 21.18629741668701
58 21.290074348449707
58 21.394142627716064
58 21.498257398605347
57 21.603370189666748
57 21.706645011901855
57 21.810276985168457
57 21.91395926475525
57 22.018064498901367
57 22.120797157287598
57 22.2248215675354
56 22.32893204689026
56 22.43357491493225
55 22.539074420928955
55 22.643203258514404
54 22.74630856513977
54 22.850409746170044
54 22.956243991851807
54 23.060777187347412
53 23.165462255477905
53 23.26957678794861
53 23.372318029403687
53 23.475762844085693
53 23.57899045944214
53 23.683971405029297
53 23.789387702941895
54 23.89258074760437
54 23.996450901031494
54 24.101329565048218
55 24.2058322429657
55 24.309240341186523
56 24.413458108901978
56 24.51783037185669
56 24.623045206069946
56 24.727306604385376
57 24.831833124160767
57 24.935398817062378
57 25.03834629058838
58 25.141340494155884
58 25.24600625038147
58 25.34990358352661
58 25.454736948013306
58 25.558619737625122
58 25.662158012390137
58 25.765798330307007
58 25.868968963623047
58 25.972465991973877
58 26.076420545578003
58 26.181158542633057
58 26.285629272460938
58 26.388391733169556
58 26.49155044555664
57 26.595295190811157
57 26.69992733001709
56 26.803669929504395
56 26.906752586364746
55 27.01027226448059
55 27.113466024398804
54 27.2178692817688
54 27.3219153881073
54 27.425904750823975
53 27.530290603637695
53 27.634319305419922
53 27.73902463912964
53 27.84269952774048
53 27.946924209594727
53 28.05076265335083
53 28.15382742881775
53 28.257571935653687
54 28.362019300460815
54 28.466509103775024
55 28.569714546203613
55 28.673759937286377
56 28.778261184692383
57 28.8828341960907
57 28.986598014831543
57 29.09007740020752
58 29.194228887557983
58 29.297879457473755
58 29.402189254760742
58 29.50502920150757
58 29.609822273254395
58 29.71444535255432
58 29.819501638412476
58 29.92281699180603
58 30.025740385055542
57 30.129245042800903
57 30.23307776451111
56 30.336198568344116
56 30.43954086303711
56 30.544783353805542
55 30.648975133895874
55 30.752177476882935
55 30.855879306793213
55 30.960771322250366
54 31.06541895866394
54 31.168628454208374
55 31.27244997024536
55 31.37688708305359
55 31.481200218200684
55 31.58373236656189
56 31.68712878227234
56 31.791640520095825
57 31.896640300750732
57 32.000688314437866
58 32.10406446456909
59 32.20727491378784
59 32.31048130989075
59 32.41482901573181
59 32.51811504364014
59 32.6206431388855
59 32.723175048828125
60 32.82762050628662
60 32.931769132614136
60 33.035325050354004
60 33.13937211036682
60 33.24399018287659
60 33.34739947319031
60 33.45059037208557
60 33.555174589157104
59 33.659072160720825
59 33.763099908828735
59 33.86661171913147
58 33.97036147117615
58 34.07439732551575
57 34.17963910102844
57 34.28344941139221
57 34.38755130767822
56 34.49099802970886
56 34.595898389816284
55 34.6995313167572
55 34.8028347492218
55 34.90624952316284
55 35.01052403450012
55 35.113282442092896
55 35.215951681137085
55 35.32055735588074
55 35.425294399261475
55 35.530906438827515
56 35.63445234298706
56 35.738529682159424
57 35.84294390678406
57 35.94672513008118
58 36.04974985122681
58 36.15394830703735
58 36.25791788101196
58 36.361454486846924
58 36.46425700187683
58 36.567304849624634
59 36.67187857627869
59 36.77628970146179
59 36.87964725494385
59 36.982672929763794
59 37.085805892944336
59 37.19001340866089
59 37.295429706573486
59 37.398439168930054
59 37.503392934799194
58 37.606868743896484
58 37.711466550827026
57 37.81446576118469
57 37.918333768844604
57 38.02198553085327
57 38.125792026519775
56 38.23073697090149
56 38.333967447280884
56 38.439011096954346
56 38.54369640350342
56 38.64713931083679
56 38.75128650665283
57 38.854915618896484
57 38.959874629974365
57 39.06383681297302
58 39.16824126243591
58 39.27192521095276
58 39.375178813934326
58 39.47807312011719
58 39.582595109939575
58 39.687482833862305
58 39.79234480857849
58 39.89540672302246
58 39.99950885772705
58 40.10354399681091
58 40.20711374282837
58 40.311723470687866
58 40.41501569747925
58 40.51816248893738
58 40.62214231491089
58 40.72621202468872
58 40.829126834869385
57 40.93274235725403
57 41.03725266456604
57 41.14319038391113
56 41.246204137802124
56 41.350218534469604
56 41.453919887542725
56 41.5578453540802
56 41.66120791435242
56 41.76494550704956
56 41.86921000480652
56 41.9743492603302
56 42.07732033729553
57 42.180938720703125
57 42.284947633743286
57 42.38890600204468
58 42.492730140686035
58 42.59642696380615
58 42.700740575790405
59 42.804797410964966
59 42.90929961204529
59 43.012431144714355
59 43.11725950241089
59 43.22272181510925
59 43.3252477645874
59 43.42862153053284
59 43.53310799598694
59 43.63637566566467
59 43.741162061691284
59 43.84405303001404
59 43.94710993766785
59 44.05146670341492
58 44.156495571136475
58 44.25942587852478
58 44.363171100616455
58 44.467490673065186
58 44.57284069061279
58 44.675859451293945
57 44.77923917770386
57 44.883235692977905
57 44.98767852783203
57 45.09036898612976
56 45.19417428970337
56 45.29797124862671
56 45.402270793914795
56 45.507582664489746
56 45.61101174354553
56 45.71434736251831
57 45.81829309463501
58 45.92309641838074
59 46.026028633117676
60 46.12937307357788
60 46.23373508453369
61 46.33814978599548
61 46.44098663330078
61 46.54412841796875
61 46.64799618721008
61 46.751888036727905
61 46.8549439907074
61 46.9579119682312
61 47.06200075149536
61 47.16546678543091
61 47.269540786743164
61 47.37234425544739
61 47.47648334503174
60 47.58056426048279
60 47.6839325428009
60 47.78764200210571
59 47.89074444770813
59 47.99536657333374
58 48.100353956222534
58 48.203842639923096
57 48.30825710296631
57 48.41203308105469
56 48.51531624794006
56 48.61932015419006
56 48.72294211387634
56 48.82716751098633
56 48.93070673942566
56 49.03447389602661
56 49.13799571990967
56 49.241819858551025
56 49.34688878059387
57 49.45208811759949
57 49.55519723892212
58 49.65925908088684
58 49.763512134552
59 49.867093563079834
59 49.97088813781738
59 50.07488536834717
60 50.17964792251587
60 50.283910512924194
60 50.38694882392883
60 50.49049949645996
60 50.594053745269775
60 50.69879150390625
60 50.80185079574585
60 50.904865741729736
60 51.00908708572388
60 51.1139554977417
60 51.21803665161133
60 51.32204079627991
59 51.425453424453735
59 51.529022216796875
59 51.633960247039795
58 51.73742604255676
58 51.841169118881226
57 51.944849252700806
57 52.05005741119385
57 52.15413689613342
57 52.25803828239441
56 52.362409591674805
56 52.466870069503784
56 52.57063579559326
56 52.674152135849
56 52.7786967754364
56 52.88236594200134
56 52.986149311065674
56 53.090041637420654
56 53.19449019432068
56 53.29874229431152
55 53.40358853340149
54 53.50698518753052
55 53.61135196685791
55 53.7162766456604
56 53.81946420669556
56 53.92335772514343
57 54.02717399597168
57 54.130818367004395
58 54.233444690704346
58 54.33702874183655
58 54.441248655319214
58 54.54500222206116
58 54.65019869804382
58 54.753153562545776
59 54.85668635368347
59 54.960585832595825
59 55.06582069396973
59 55.168967723846436
59 55.27242612838745
59 55.376166582107544
59 55.47973942756653
59 55.58318829536438
59 55.6869330406189
59 55.79119610786438
59 55.89452362060547
59 55.99707746505737
59 56.100958585739136
59 56.20501899719238
59 56.30899786949158
59 56.412227392196655
59 56.515592098236084
59 56.61936140060425
59 56.724200963974
59 56.828744411468506
59 56.932570695877075
59 57.03624248504639
59 57.14161205291748
59 57.246954679489136
59 57.34993052482605
59 57.45310688018799
59 57.557849168777466
59 57.66280508041382
59 57.765661001205444
60 57.869452714920044
60 57.97355389595032
60 58.0775830745697
60 58.18068528175354
60 58.2839252948761
60 58.388450384140015
60 58.492520809173584
60 58.594812631607056
60 58.69826602935791
60 58.80175495147705
60 58.904653787612915
59 59.01023840904236
59 59.113576889038086
59 59.217718839645386
59 59.320446252822876
59 59.425820112228394
59 59.528940200805664
59 59.63209366798401
59 59.73726272583008
60 59.84065222740173
59 59.945268869400024
59 60.04902935028076
58 60.153833627700806
58 60.25745153427124
58 60.362070083618164
57 60.46726703643799
58 60.5711088180542
58 60.674946308135986
58 60.77746033668518
58 60.881457567214966
59 60.98612833023071
59 61.090014934539795
59 61.19385623931885
59 61.29713988304138
59 61.401479721069336
59 61.50554323196411
59 61.609856605529785
59 61.71287226676941
59 61.81626343727112
59 61.91984677314758
59 62.02382707595825
59 62.12654733657837
60 62.23019862174988
60 62.33369493484497
60 62.439088344573975
59 62.54340600967407
59 62.64635992050171
59 62.749871015548706
59 62.853474140167236
58 62.957818031311035
58 63.061705589294434
58 63.16573190689087
58 63.26875281333923
58 63.37376022338867
58 63.47713041305542
58 63.58010506629944
58 63.683462381362915
58 63.78741455078125
58 63.89044737815857
58 63.994099617004395
59 64.09786367416382
59 64.20230174064636
59 64.30510330200195
59 64.408287525177
59 64.51201581954956
59 64.61638855934143
60 64.72042918205261
60 64.82406711578369
60 64.92737007141113
60 65.03159880638123
60 65.1357524394989
60 65.23993015289307
60 65.34375810623169
60 65.44756603240967
60 65.55078625679016
60 65.65576171875
60 65.76057553291321
59 65.86491823196411
59 65.96918106079102
58 66.072016954422
58 66.17560911178589
57 66.27874803543091
57 66.38371920585632
56 66.48882746696472
56 66.59238886833191
56 66.69723701477051
56 66.80262279510498
56 66.90564680099487
56 67.0084776878357
56 67.1124701499939
56 67.21658253669739
56 67.32119226455688
56 67.42448806762695
57 67.52793765068054
57 67.63274455070496
57 67.73690676689148
58 67.84047412872314
58 67.94434809684753
58 68.0483808517456
58 68.15281963348389
58 68.25642156600952
59 68.35948133468628
59 68.46282649040222
59 68.56775212287903
59 68.67061114311218
59 68.77457523345947
59 68.87893962860107
59 68.98400068283081
59 69.0868182182312
59 69.19040369987488
59 69.29380679130554
59 69.39781761169434
59 69.50336265563965
59 69.60672354698181
59 69.7105975151062
59 69.81397533416748
59 69.91728568077087
59 70.02133274078369
59 70.12461948394775
58 70.2279622554779
58 70.33209443092346
57 70.43561506271362
57 70.53940892219543
57 70.64354348182678
56 70.7482123374939
56 70.85083508491516
56 70.95397877693176
56 71.05952906608582
57 71.16395092010498
57 71.26854610443115
57 71.37206840515137
57 71.47718167304993
57 71.58080720901489
58 71.68430399894714
58 71.78777265548706
58 71.89154720306396
58 71.99564909934998
59 72.10070562362671
59 72.20384645462036
59 72.30688261985779
60 72.4111659526825
60 72.51548337936401
60 72.61829733848572
60 72.72228622436523
60 72.82697677612305
60 72.93189334869385
60 73.0352110862732
60 73.1397430896759
60 73.24372363090515
60 73.34796214103699
60 73.45162272453308
60 73.55643773078918
60 73.6605966091156
60 73.76494336128235
59 73.86833429336548
59 73.97217893600464
59 74.07804775238037
59 74.18122363090515
59 74.28480887413025
59 74.38845825195312
59 74.49184775352478
60 74.59644913673401
60 74.70168924331665
60 74.80523872375488
60 74.90979266166687
60 75.01472282409668
60 75.11720299720764
61 75.22120022773743
61 75.32458186149597
61 75.42941117286682
61 75.53453302383423
61 75.63757967948914
61 75.74107646942139
61 75.84685134887695
62 75.95170736312866
62 76.05539178848267
62 76.15913701057434
62 76.26283168792725
62 76.3665816783905
62 76.47013902664185
62 76.57391571998596
62 76.67834830284119
62 76.78283596038818
62 76.88613653182983
62 76.9897232055664
62 77.0948555469513
62 77.19990921020508
62 77.3028392791748
62 77.40675759315491
62 77.5108597278595
62 77.61493754386902
61 77.71879076957703
61 77.82208585739136
60 77.92613554000854
60 78.03050875663757
60 78.13314819335938
59 78.23633456230164
59 78.34007954597473
59 78.44579768180847
59 78.55051016807556
59 78.65447950363159
58 78.7581775188446
58 78.8629744052887
58 78.96834993362427
58 79.072598695755
58 79.1761474609375
59 79.28063654899597
59 79.38504362106323
59 79.48945379257202
59 79.59319114685059
59 79.69825148582458
59 79.8007538318634
59 79.90510702133179
59 80.01024627685547
59 80.11342644691467
59 80.21843004226685
59 80.32191681861877
59 80.42578434944153
59 80.53101396560669
59 80.63482713699341
59 80.73804354667664
59 80.84229278564453
59 80.94840717315674
58 81.05268168449402
58 81.15610408782959
58 81.26007843017578
58 81.3637433052063
57 81.4680426120758
57 81.57099032402039
57 81.67425847053528
57 81.77838110923767
57 81.88144254684448
56 81.984858751297
56 82.08796334266663
56 82.19129824638367
56 82.29626679420471
56 82.40053009986877
56 82.50422978401184
57 82.60769820213318
57 82.7125027179718
57 82.81610870361328
58 82.91929340362549
58 83.02323079109192
58 83.12611675262451
59 83.22987484931946
59 83.3334653377533
59 83.43769025802612
59 83.54136753082275
60 83.64479327201843
60 83.74725103378296
60 83.85033440589905
60 83.95441007614136
60 84.05772113800049
60 84.16131734848022
60 84.26438450813293
60 84.36821627616882
60 84.47163152694702
60 84.57480812072754
60 84.67841076850891
60 84.7823736667633
60 84.88665676116943
59 84.99206137657166
59 85.09468245506287
59 85.19777512550354
58 85.30230689048767
58 85.40670800209045
58 85.51091241836548
58 85.61396837234497
57 85.71795964241028
57 85.82201409339905
57 85.92628598213196
58 86.02990365028381
58 86.13352632522583
58 86.23812937736511
58 86.34371519088745
58 86.44776010513306
59 86.55213403701782
59 86.65698337554932
59 86.76198101043701
59 86.86534905433655
60 86.96927189826965
60 87.07311177253723
60 87.17755699157715
60 87.28046011924744
60 87.38342046737671
60 87.4870834350586
60 87.59144282341003
60 87.69475555419922
60 87.79907846450806
60 87.90360236167908
60 88.00738477706909
60 88.11229610443115
60 88.2156138420105
60 88.31937146186829
60 88.42428183555603
60 88.52679395675659
59 88.62973713874817
59 88.73471713066101
59 88.8401837348938
58 88.94422674179077
58 89.04816555976868
58 89.15223288536072
58 89.25619792938232
58 89.36149406433105
58 89.46547174453735
58 89.57092189788818
58 89.67515826225281
58 89.77933931350708
58 89.88308238983154
59 89.98711204528809
59 90.09205031394958
59 90.19447827339172
59 90.29822945594788
59 90.40170621871948
59 90.50604796409607
59 90.6111044883728
59 90.71480250358582
60 90.81950044631958
60 90.92321705818176
60 91.02840280532837
60 91.13141250610352
60 91.23520278930664
60 91.34030675888062
60 91.44439554214478
60 91.5473222732544
60 91.65046000480652
60 91.75558257102966
60 91.86062455177307
60 91.96375823020935
60 92.0674033164978
60 92.17042851448059
60 92.2749080657959
60 92.37870264053345
60 92.48239088058472
60 92.58628559112549
60 92.68993616104126
59 92.7936851978302
59 92.8970148563385
58 93.00102138519287
58 93.10715055465698
57 93.21140432357788
57 93.31481289863586
57 93.41895818710327
56 93.52310490608215
56 93.62756443023682
56 93.73104977607727
56 93.83475828170776
55 93.94015407562256
56 94.04493403434753
56 94.147709608078
56 94.25190901756287
56 94.35504508018494
56 94.46027159690857
57 94.56330466270447
57 94.6676390171051
57 94.77177405357361
58 94.87528347969055
58 94.97940802574158
59 95.08358383178711
59 95.18701314926147
60 95.29116249084473
60 95.39402747154236
60 95.49749684333801
60 95.60136866569519
60 95.70627617835999
60 95.80868172645569
60 95.91315579414368
60 96.01688432693481
60 96.12061333656311
60 96.22383975982666
60 96.32753705978394
60 96.43058729171753
59 96.53470754623413
59 96.63835000991821
59 96.74289321899414
58 96.84687781333923
58 96.95064544677734
58 97.0544822216034
57 97.1572904586792
57 97.26023554801941
57 97.36425614356995
56 97.46956944465637
56 97.5738594532013
56 97.67716240882874
56 97.78091645240784
56 97.88456344604492
56 97.9886212348938
56 98.09171509742737
56 98.1960198879242
57 98.3003671169281
57 98.40420770645142
57 98.5079836845398
58 98.61101818084717
58 98.71530103683472
58 98.8187620639801
58 98.92143034934998
58 99.02484250068665
58 99.12913608551025
58 99.23365426063538
58 99.3380241394043
58 99.44258832931519
58 99.54848027229309
57 99.6527464389801
57 99.7552764415741
57 99.85863375663757
56 99.96265006065369
56 100.06634497642517
55 100.1699526309967
55 100.27350854873657
55 100.3785297870636
55 100.48189806938171
55 100.58683347702026
55 100.6901183128357
55 100.79330468177795
55 100.89699602127075
55 101.00072932243347
55 101.10382914543152
56 101.20721411705017
56 101.31169056892395
57 101.41549801826477
57 101.51875424385071
57 101.62279462814331
58 101.72650623321533
58 101.83171153068542
58 101.93742942810059
58 102.04141020774841
58 102.14477920532227
58 102.24884748458862
58 102.35385823249817
58 102.45727205276489
58 102.56260991096497
57 102.66737008094788
57 102.77048373222351
56 102.87392449378967
56 102.97786402702332
56 103.08201241493225
55 103.18557143211365
55 103.28863835334778
55 103.39231872558594
55 103.49636006355286
55 103.60181617736816
55 103.70469903945923
55 103.80865597724915
55 103.91241788864136
55 104.01748466491699
55 104.12104988098145
55 104.22465109825134
56 104.32819533348083
56 104.43332028388977
56 104.53686594963074
57 104.63976836204529
57 104.7435531616211
58 104.84929060935974
58 104.9516429901123
58 105.05498456954956
58 105.15827655792236
58 105.26146960258484
58 105.36527943611145
58 105.46826457977295
58 105.57135653495789
58 105.67521071434021
58 105.77901530265808
58 105.88297820091248
58 105.9859344959259
58 106.08970427513123
58 106.19409036636353
58 106.2983329296112
58 106.40230989456177
58 106.50726628303528
58 106.61156916618347
58 106.71677303314209
58 106.81971883773804
58 106.92478942871094
58 107.02980041503906
58 107.1342191696167
58 107.23775434494019
58 107.34198689460754
59 107.44736742973328
73 107.54959011077881
59 107.65331816673279
59 107.75749087333679
59 107.86167860031128
60 107.96648979187012
60 108.06994533538818
60 108.17500758171082
61 108.27847743034363
61 108.383624792099
61 108.48750185966492
61 108.59130716323853
61 108.6957573890686
61 108.79944896697998
61 108.90247082710266
61 109.00625610351562
61 109.11074876785278
61 109.215895652771
56 109.3188247680664
61 109.42304539680481
61 109.52696752548218
60 109.63110899925232
60 109.73452973365784
59 109.83813118934631
59 109.94259333610535
58 110.04757452011108
58 110.150723695755
57 110.25405621528625
57 110.35768723487854
57 110.46231818199158
56 110.56650853157043
57 110.67059755325317
57 110.77425408363342
57 110.87823033332825
57 110.98440551757812
58 111.0883367061615
58 111.19218182563782
58 111.29675149917603
58 111.40140533447266
58 111.50514078140259
58 111.6098690032959
58 111.71613216400146
58 111.81917691230774
58 111.92245197296143
58 112.02579474449158
58 112.13069534301758
58 112.23371839523315
58 112.33661961555481
58 112.440598487854
58 112.54486274719238
58 112.65003943443298
58 112.75314164161682
58 112.85712671279907
58 112.96137285232544
58 113.06664609909058
58 113.16952204704285
58 113.27326273918152
58 113.37799215316772
58 113.48311591148376
57 113.5861120223999
57 113.6892499923706
57 113.79260492324829
57 113.89668917655945
58 113.99961137771606
58 114.10242176055908
58 114.20540761947632
58 114.30981492996216
58 114.41428303718567
58 114.51840043067932
58 114.62207102775574
59 114.72682976722717
59 114.83054733276367
59 114.93424248695374
59 115.03771090507507
59 115.14237475395203
59 115.24661302566528
59 115.34955215454102
59 115.4532904624939
59 115.55816602706909
59 115.66309142112732
59 115.76610279083252
59 115.86984729766846
59 115.97517037391663
60 116.07981181144714
60 116.18253540992737
60 116.28539991378784
60 116.38838624954224
59 116.49235606193542
59 116.59613466262817
59 116.69902873039246
59 116.80165123939514
58 116.90591335296631
58 117.01102638244629
58 117.11458849906921
58 117.21816635131836
58 117.32179498672485
58 117.42488098144531
57 117.52783560752869
57 117.63087010383606
57 117.73469281196594
56 117.83876943588257
56 117.94265413284302
56 118.04655694961548
56 118.15035891532898
56 118.25428247451782
56 118.35764360427856
57 118.46101689338684
57 118.56519150733948
57 118.66945290565491
57 118.77400231361389
58 118.87730169296265
58 118.98174476623535
58 119.0854160785675
58 119.18943667411804
58 119.29432249069214
58 119.39845037460327
58 119.50304746627808
58 119.60632061958313
58 119.71019077301025
58 119.81356501579285
58 119.91766262054443
58 120.02260899543762
