32 1.6689300537109375e-06
32 0.6273205280303955
31 0.7297766208648682
31 0.8319830894470215
30 0.9345419406890869
29 1.0367159843444824
29 1.1387100219726562
28 1.2413489818572998
28 1.3434216976165771
27 1.445765495300293
27 1.5480566024780273
26 1.650360345840454
26 1.7525010108947754
26 1.8547430038452148
26 1.9569802284240723
25 2.059464454650879
26 2.161947011947632
26 2.264295816421509
27 2.3666024208068848
27 2.469081163406372
27 2.571489095687866
28 2.674232006072998
28 2.7770047187805176
29 2.879610538482666
29 2.982114315032959
30 3.0849249362945557
31 3.1873672008514404
31 3.2896087169647217
32 3.391902446746826
32 3.4941678047180176
32 3.5965163707733154
33 3.6989028453826904
33 3.801210880279541
33 3.9032645225524902
33 4.005757808685303
33 4.108575105667114
33 4.211135387420654
33 4.313814640045166
33 4.415874481201172
33 4.5181214809417725
33 4.62039852142334
33 4.722866773605347
33 4.825665473937988
33 4.927978277206421
33 5.030246257781982
33 5.132662296295166
33 5.235045433044434
33 5.337379693984985
32 5.439805746078491
32 5.5423264503479
32 5.645000457763672
31 5.747903108596802
31 5.850182056427002
30 5.952587127685547
30 6.055096387863159
29 6.157744884490967
29 6.260336399078369
28 6.362687826156616
28 6.465157508850098
28 6.567663669586182
27 6.67007303237915
27 6.77252197265625
27 6.875072956085205
27 6.97753381729126
27 7.080233812332153
27 7.1825056076049805
27 7.284970283508301
27 7.3874242305755615
28 7.489886045455933
28 7.592149972915649
29 7.694418668746948
30 7.796647787094116
30 7.89902400970459
31 8.00152587890625
31 8.104190111160278
31 8.206517219543457
32 8.308990001678467
32 8.411563873291016
32 8.514461517333984
32 8.616918087005615
32 8.719261884689331
32 8.82177209854126
33 8.924240112304688
33 9.026793241500854
33 9.129225969314575
33 9.231670141220093
33 9.334017276763916
33 9.436436653137207
33 9.538672685623169
33 9.640785217285156
33 9.742973804473877
33 9.845192909240723
33 9.947436571121216
33 10.049463033676147
33 10.151411294937134
33 10.253501176834106
33 10.355570077896118
33 10.457803726196289
33 10.559956312179565
33 10.662240743637085
33 10.764465093612671
33 10.86657166481018
33 10.968655109405518
32 11.070968389511108
32 11.173357248306274
32 11.275700807571411
31 11.377661228179932
31 11.480657577514648
31 11.582901000976562
31 11.685144186019897
30 11.787460088729858
30 11.889718294143677
30 11.991967678070068
29 12.094398975372314
29 12.19693112373352
29 12.299289464950562
28 12.401742458343506
28 12.504207134246826
28 12.606691837310791
28 12.709133386611938
29 12.811556100845337
29 12.913857460021973
29 13.0160231590271
29 13.11820912361145
30 13.220597505569458
30 13.322844982147217
30 13.42539095878601
30 13.527682542800903
31 13.629976749420166
31 13.732455730438232
31 13.835266828536987
31 13.93743109703064
31 14.03967022895813
32 14.142117023468018
32 14.244571208953857
32 14.34703016281128
32 14.449467182159424
32 14.552019834518433
33 14.654818534851074
33 14.757575750350952
33 14.860037088394165
33 14.962662696838379
34 15.065348148345947
33 15.167866230010986
34 15.270216464996338
33 15.372661590576172
33 15.475087404251099
33 15.576987504959106
33 15.679303646087646
33 15.781552076339722
33 15.883756399154663
33 15.986013174057007
33 16.08807873725891
33 16.190325260162354
32 16.29273271560669
32 16.395007848739624
32 16.497713804244995
31 16.6017005443573
31 16.706252098083496
31 16.81091809272766
30 16.915284395217896
30 17.018839836120605
29 17.122575044631958
29 17.227598667144775
29 17.33045506477356
29 17.434255361557007
28 17.53722095489502
28 17.640214443206787
28 17.74347472190857
28 17.846938371658325
28 17.952194452285767
28 18.056371927261353
28 18.160269021987915
28 18.264677047729492
29 18.36888575553894
29 18.472654104232788
29 18.576355934143066
29 18.679607391357422
30 18.78373146057129
30 18.887754440307617
30 18.991044282913208
30 19.094593286514282
31 19.198240280151367
31 19.301424980163574
31 19.40536069869995
32 19.508740425109863
32 19.6118061542511
32 19.715224266052246
32 19.81961965560913
33 19.92359471321106
32 20.02676486968994
33 20.130127429962158
33 20.235140323638916
33 20.33933925628662
33 20.44388175010681
33 20.547714233398438
33 20.651432514190674
33 20.756197690963745
33 20.859767198562622
33 20.962989568710327
33 21.066533088684082
33 21.170933723449707
33 21.2739040851593
33 21.37702703475952
33 21.480616331100464
33 21.585664749145508
33 21.69089102745056
33 21.794421672821045
32 21.897788286209106
32 22.00105047225952
31 22.105494737625122
31 22.209568738937378
31 22.312654495239258
30 22.41627287864685
30 22.51997947692871
30 22.62423348426819
30 22.727827787399292
29 22.83281660079956
29 22.937092781066895
29 23.040874481201172
29 23.14557194709778
29 23.250367879867554
29 23.354779720306396
30 23.45829439163208
30 23.562653303146362
30 23.667332887649536
30 23.771272897720337
30 23.8750159740448
31 23.97942328453064
31 24.082995414733887
31 24.187270164489746
31 24.291354656219482
32 24.39511799812317
32 24.49824070930481
32 24.601510763168335
33 24.705271005630493
33 24.809269666671753
33 24.913516521453857
33 25.017328023910522
33 25.12051248550415
34 25.223249197006226
34 25.327176332473755
34 25.43121099472046
34 25.535726070404053
34 25.639617204666138
34 25.74316382408142
34 25.847166061401367
34 25.95142912864685
34 26.054903745651245
34 26.1581974029541
34 26.262335300445557
34 26.366129159927368
34 26.470669984817505
34 26.57465362548828
34 26.679402112960815
34 26.783769130706787
34 26.885875940322876
34 26.989184856414795
34 27.0924129486084
34 27.196911573410034
33 27.30052947998047
33 27.403640508651733
32 27.507073163986206
32 27.611031770706177
32 27.714637756347656
32 27.81830644607544
31 27.921425104141235
30 28.024396181106567
30 28.12813115119934
30 28.233284950256348
30 28.3368558883667
29 28.441156148910522
29 28.54500722885132
29 28.6506769657135
29 28.75479531288147
29 28.85803508758545
29 28.961582899093628
29 29.065494775772095
29 29.168689966201782
29 29.272295475006104
30 29.37638831138611
30 29.48017382621765
31 29.58451557159424
31 29.688258409500122
31 29.791949033737183
32 29.89609384536743
32 30.000863552093506
32 30.1050124168396
32 30.208447456359863
33 30.314250946044922
33 30.41780686378479
33 30.52124810218811
34 30.62546133995056
34 30.729806661605835
34 30.834295749664307
34 30.937825202941895
34 31.041916131973267
34 31.147488117218018
34 31.250280380249023
35 31.353628873825073
35 31.458531141281128
35 31.56266212463379
35 31.666574239730835
34 31.770092248916626
35 31.874223709106445
34 31.97745633125305
34 32.08162832260132
34 32.185537815093994
34 32.2888343334198
33 32.3924994468689
33 32.49635100364685
33 32.5999321937561
33 32.70371127128601
32 32.807563066482544
32 32.91161227226257
32 33.01738977432251
32 33.12121939659119
31 33.22454881668091
31 33.3288848400116
31 33.431628942489624
31 33.534969091415405
31 33.63912010192871
31 33.743422508239746
31 33.84811568260193
31 33.95132803916931
31 34.05501842498779
32 34.1591911315918
32 34.26355195045471
32 34.36720323562622
32 34.470141649246216
32 34.57413101196289
32 34.67867660522461
32 34.78166460990906
32 34.8857216835022
33 34.99014711380005
33 35.095062017440796
33 35.19897222518921
33 35.30238628387451
33 35.40607690811157
34 35.51008653640747
34 35.61445355415344
34 35.71847581863403
34 35.82218837738037
34 35.92633128166199
34 36.030359983444214
34 36.134095668792725
34 36.23948407173157
34 36.34315824508667
34 36.44788193702698
35 36.55209541320801
34 36.65529251098633
34 36.759047985076904
34 36.86307215690613
34 36.96670198440552
34 37.070290088653564
34 37.17489290237427
34 37.27886509895325
34 37.382458448410034
34 37.486340045928955
34 37.58977818489075
33 37.69507932662964
33 37.79905819892883
33 37.90233826637268
32 38.0062689781189
32 38.110087871551514
32 38.213953256607056
31 38.318270444869995
31 38.423081398010254
31 38.52732014656067
31 38.63088583946228
31 38.73460030555725
31 38.83847665786743
31 38.94209861755371
31 39.044398069381714
31 39.14763903617859
31 39.2510552406311
31 39.35531210899353
31 39.45957565307617
31 39.563305139541626
31 39.66699481010437
31 39.77218556404114
31 39.876864433288574
32 39.98052167892456
32 40.08383274078369
32 40.18741965293884
32 40.29200768470764
32 40.39568519592285
32 40.49917435646057
33 40.60318112373352
33 40.70811700820923
33 40.81083106994629
33 40.914604902267456
33 41.01871466636658
33 41.12250781059265
34 41.22618579864502
34 41.32933855056763
34 41.43317794799805
34 41.537474632263184
34 41.642075061798096
33 41.744245767593384
33 41.847891330718994
34 41.952775955200195
33 42.05646371841431
33 42.1600866317749
33 42.26398158073425
33 42.367818117141724
33 42.472728967666626
33 42.575923681259155
33 42.67995810508728
32 42.78426909446716
32 42.88879680633545
32 42.9914448261261
31 43.095622301101685
31 43.19879984855652
31 43.30398201942444
30 43.407800912857056
30 43.5119264125824
30 43.616084814071655
29 43.720043659210205
29 43.824965476989746
29 43.92806625366211
29 44.032100439071655
29 44.13648319244385
29 44.24060869216919
29 44.34427309036255
29 44.44853186607361
29 44.55391049385071
29 44.658336877822876
29 44.76126003265381
30 44.865309953689575
30 44.9696843624115
30 45.07309818267822
30 45.176565408706665
31 45.27936267852783
31 45.385149240493774
31 45.48828887939453
31 45.59115695953369
32 45.6943085193634
32 45.79833245277405
32 45.90177035331726
32 46.0057156085968
33 46.109553813934326
33 46.21283936500549
33 46.31793665885925
33 46.421300649642944
33 46.524710178375244
34 46.628395080566406
34 46.73224902153015
34 46.83546257019043
34 46.93843102455139
34 47.04214143753052
34 47.14524221420288
34 47.24888730049133
34 47.3535258769989
34 47.45861601829529
34 47.562599182128906
34 47.66636037826538
34 47.769989013671875
34 47.87391638755798
34 47.97754526138306
33 48.0819571018219
33 48.187076807022095
33 48.29010772705078
32 48.393861532211304
32 48.49763560295105
32 48.60123085975647
31 48.70471692085266
31 48.808374643325806
31 48.91183829307556
31 49.01540970802307
30 49.11780095100403
30 49.22062635421753
30 49.324711322784424
30 49.42833161354065
30 49.53190064430237
31 49.635610580444336
31 49.7391414642334
31 49.8427677154541
31 49.94757056236267
31 50.05082845687866
31 50.1541805267334
31 50.257397413253784
31 50.36090397834778
31 50.464940547943115
32 50.567935943603516
32 50.671881675720215
32 50.77665448188782
32 50.881556034088135
32 50.98550987243652
32 51.08851194381714
32 51.19223952293396
33 51.296069860458374
33 51.39888954162598
33 51.501766204833984
33 51.60604119300842
33 51.71141695976257
33 51.81441926956177
33 51.91733694076538
33 52.021024227142334
33 52.125330686569214
33 52.229859828948975
33 52.33451533317566
33 52.438249826431274
33 52.54241609573364
33 52.64824104309082
33 52.75209307670593
33 52.856372117996216
33 52.96113395690918
32 53.06338453292847
32 53.16724133491516
32 53.271849393844604
32 53.37668752670288
31 53.480130672454834
31 53.58385729789734
31 53.68746757507324
31 53.790828704833984
31 53.895230293273926
31 53.99914622306824
31 54.10240411758423
31 54.205840826034546
31 54.30950450897217
31 54.41212511062622
31 54.51632356643677
31 54.619417905807495
31 54.7244656085968
31 54.828495264053345
31 54.93244004249573
31 55.0359902381897
31 55.13972330093384
31 55.24479341506958
32 55.34827518463135
32 55.452354431152344
32 55.5563178062439
32 55.66131830215454
33 55.76514458656311
33 55.868781089782715
33 55.972304821014404
33 56.07690978050232
33 56.18025207519531
33 56.28322887420654
34 56.38785982131958
34 56.49164319038391
34 56.594730377197266
33 56.698930978775024
33 56.80311632156372
34 56.9069299697876
33 57.010637044906616
33 57.11457371711731
33 57.21829438209534
33 57.32264471054077
33 57.42661499977112
33 57.530123233795166
33 57.63394045829773
33 57.73795223236084
33 57.84193181991577
32 57.94623255729675
32 58.05005955696106
32 58.15342354774475
32 58.25716710090637
32 58.361082553863525
31 58.46459603309631
31 58.56902742385864
31 58.67383933067322
31 58.777312994003296
30 58.88053059577942
30 58.98434376716614
30 59.08823323249817
30 59.19256091117859
30 59.296056509017944
30 59.39986491203308
30 59.504045486450195
30 59.60796928405762
30 59.711602210998535
30 59.814820289611816
30 59.91909456253052
31 60.0227415561676
31 60.12571907043457
31 60.22891139984131
31 60.33306407928467
31 60.43831133842468
31 60.54144883155823
31 60.644439935684204
32 60.74823832511902
32 60.85188555717468
32 60.95659279823303
32 61.06041669845581
33 61.16449975967407
33 61.268413066864014
33 61.37217736244202
33 61.47644853591919
33 61.580482959747314
33 61.68385553359985
34 61.7886643409729
34 61.89195108413696
34 61.996817111968994
34 62.101229190826416
34 62.20473837852478
34 62.308753967285156
34 62.413734436035156
34 62.518378496170044
34 62.62347459793091
34 62.72725987434387
34 62.83142447471619
34 62.9356427192688
34 63.03956580162048
34 63.14323282241821
34 63.24624156951904
34 63.349875926971436
34 63.45444345474243
34 63.55824613571167
34 63.66090774536133
34 63.76486825942993
34 63.86836314201355
34 63.97213888168335
34 64.07498955726624
33 64.17866468429565
33 64.28246665000916
33 64.38590335845947
32 64.48918080329895
32 64.59241318702698
32 64.69705319404602
31 64.80040073394775
31 64.90323233604431
31 65.00664353370667
30 65.11049580574036
30 65.2141284942627
30 65.31731677055359
31 65.42206454277039
31 65.52562522888184
31 65.6288652420044
31 65.73217058181763
31 65.83532238006592
31 65.93886685371399
31 66.04182434082031
31 66.14403247833252
31 66.24625420570374
31 66.34880042076111
31 66.45148372650146
31 66.55439519882202
32 66.65855264663696
32 66.76300644874573
32 66.86628675460815
32 66.96939158439636
32 67.07382559776306
32 67.17919659614563
32 67.28240847587585
33 67.385817527771
33 67.4888083934784
33 67.59104800224304
33 67.69574284553528
33 67.79920434951782
33 67.90256309509277
34 68.00645470619202
34 68.11040496826172
34 68.21363973617554
34 68.3170268535614
34 68.42111325263977
34 68.52487444877625
34 68.62827777862549
33 68.73061609268188
34 68.83300352096558
33 68.93680548667908
33 69.04065036773682
33 69.14346599578857
33 69.24737358093262
33 69.35088849067688
33 69.45525860786438
33 69.55855917930603
32 69.66151642799377
32 69.7650625705719
32 69.86869668960571
32 69.9713089466095
32 70.07466506958008
32 70.17814135551453
31 70.2822060585022
31 70.3860137462616
31 70.48927664756775
31 70.592946767807
31 70.69790291786194
31 70.80288505554199
31 70.90620613098145
31 71.00984215736389
31 71.11458396911621
31 71.21787619590759
31 71.32090187072754
31 71.42419695854187
32 71.52813172340393
32 71.63236117362976
32 71.73755145072937
32 71.8409206867218
32 71.94393515586853
32 72.0484836101532
32 72.1533477306366
32 72.25697684288025
32 72.36114001274109
32 72.46515107154846
32 72.56927156448364
33 72.67251682281494
33 72.77659177780151
33 72.88213062286377
33 72.98731279373169
33 73.0899269580841
33 73.19240546226501
33 73.29568338394165
33 73.39822936058044
33 73.50070452690125
33 73.60268425941467
33 73.70553779602051
33 73.80810904502869
33 73.9108943939209
33 74.01357221603394
33 74.11589622497559
33 74.21821403503418
33 74.3205816745758
33 74.42321848869324
33 74.52758932113647
33 74.63083815574646
33 74.7331440448761
32 74.83678221702576
32 74.94062566757202
32 75.0440845489502
32 75.14816045761108
32 75.25118947029114
32 75.35524106025696
31 75.45836472511292
31 75.56110048294067
31 75.66417670249939
31 75.76813101768494
31 75.87165594100952
31 75.97448205947876
31 76.0788414478302
31 76.18206930160522
31 76.2884509563446
31 76.39142870903015
31 76.49666166305542
31 76.60231804847717
31 76.70597410202026
31 76.80920886993408
31 76.91313529014587
31 77.01677370071411
31 77.12083601951599
32 77.22497701644897
32 77.3289201259613
32 77.43189430236816
32 77.53596663475037
32 77.64024591445923
32 77.74412941932678
32 77.84735035896301
32 77.95173835754395
32 78.05569791793823
32 78.16142392158508
33 78.26569032669067
33 78.36968445777893
33 78.47426128387451
33 78.57733726501465
33 78.68086314201355
33 78.78370976448059
33 78.88747549057007
33 78.99105620384216
33 79.09505462646484
34 79.19933533668518
34 79.30383133888245
33 79.40752291679382
33 79.51096987724304
33 79.61509895324707
33 79.72068357467651
33 79.82387232780457
33 79.92761564254761
32 80.03022170066833
32 80.13266181945801
32 80.23490238189697
32 80.33744597434998
32 80.44004964828491
31 80.54239749908447
31 80.64482760429382
31 80.74715805053711
31 80.84971046447754
30 80.95233011245728
30 81.05558586120605
30 81.15871739387512
30 81.26083993911743
30 81.36325478553772
30 81.46568894386292
30 81.56826138496399
31 81.67038822174072
31 81.77471899986267
31 81.87760138511658
31 81.9807562828064
31 82.08379101753235
31 82.18822360038757
31 82.29160523414612
31 82.3947262763977
31 82.49842691421509
31 82.60220456123352
32 82.70609307289124
32 82.80923104286194
32 82.9130129814148
32 83.01669931411743
32 83.12044048309326
32 83.22398209571838
32 83.32778739929199
32 83.43120980262756
33 83.5353331565857
33 83.63809466362
33 83.74175500869751
33 83.84486413002014
33 83.94849991798401
33 84.05187058448792
33 84.15535163879395
33 84.2587718963623
33 84.36307716369629
33 84.46796941757202
33 84.57091617584229
32 84.67524456977844
32 84.77850079536438
32 84.8826961517334
32 84.9856173992157
32 85.08934688568115
32 85.19340586662292
31 85.29689049720764
31 85.40097999572754
31 85.50452589988708
31 85.60794305801392
31 85.71259903907776
31 85.81674981117249
31 85.91970729827881
31 86.02280449867249
31 86.12679529190063
31 86.23168611526489
31 86.33496618270874
31 86.43849635124207
31 86.54172420501709
32 86.64550995826721
32 86.74970293045044
32 86.85344958305359
32 86.95719313621521
33 87.06144523620605
33 87.1657063961029
34 87.26890015602112
34 87.37224745750427
34 87.47610831260681
34 87.57983636856079
34 87.68291997909546
34 87.78641819953918
35 87.8924446105957
35 87.99701356887817
35 88.10052466392517
35 88.2035448551178
35 88.30759334564209
35 88.41200304031372
35 88.51469087600708
35 88.61783528327942
35 88.72086501121521
35 88.82527923583984
35 88.93050599098206
34 89.03454995155334
34 89.13833260536194
33 89.24132513999939
32 89.34512662887573
32 89.44800209999084
32 89.55139327049255
31 89.6548981666565
31 89.75847315788269
31 89.86241674423218
30 89.96581840515137
30 90.07001519203186
30 90.17468905448914
29 90.27891540527344
29 90.38264465332031
29 90.4864113330841
30 90.5909972190857
30 90.69618535041809
30 90.7997305393219
30 90.90329003334045
30 91.00711250305176
30 91.11079454421997
30 91.21428871154785
31 91.31856322288513
31 91.42259883880615
31 91.52783799171448
31 91.63067936897278
31 91.73517990112305
31 91.83949112892151
31 91.94432640075684
32 92.04832696914673
32 92.15177416801453
32 92.25660276412964
32 92.36028122901917
32 92.46328067779541
32 92.56684517860413
32 92.6706473827362
32 92.7744767665863
32 92.87721848487854
32 92.98042249679565
32 93.08372712135315
32 93.18751287460327
32 93.29222297668457
32 93.39593958854675
31 93.49993658065796
31 93.6034767627716
31 93.70844650268555
31 93.81168222427368
30 93.91527581214905
30 94.0194878578186
30 94.12368369102478
30 94.22721338272095
30 94.33078742027283
31 94.43558812141418
31 94.5403060913086
31 94.64326763153076
31 94.74632787704468
31 94.85094046592712
31 94.95497250556946
31 95.05789494514465
31 95.16113114356995
31 95.26441645622253
31 95.36796641349792
32 95.47209930419922
32 95.57564330101013
32 95.68013596534729
32 95.78369450569153
32 95.88804864883423
32 95.99116969108582
32 96.09454011917114
32 96.19881391525269
33 96.3029522895813
32 96.40555953979492
33 96.50934934616089
33 96.61263275146484
33 96.71705603599548
33 96.82104277610779
33 96.92405986785889
32 97.02794313430786
32 97.13122773170471
32 97.2340018749237
32 97.33694434165955
31 97.44140315055847
31 97.54571461677551
31 97.6496045589447
31 97.75188517570496
30 97.85479998588562
30 97.95906281471252
30 98.06339454650879
30 98.16739082336426
30 98.27068305015564
31 98.37406492233276
31 98.47765517234802
31 98.58204197883606
31 98.68487405776978
31 98.78806185722351
31 98.8914909362793
31 98.9950315952301
31 99.09803485870361
31 99.20113062858582
32 99.3040030002594
31 99.40756344795227
32 99.51278305053711
32 99.6159884929657
32 99.71925806999207
32 99.82208585739136
33 99.92581796646118
33 100.03077864646912
33 100.13439011573792
34 100.23793697357178
34 100.34306216239929
34 100.447505235672
34 100.55084300041199
34 100.65578603744507
35 100.75975894927979
35 100.86438727378845
35 100.96829128265381
34 101.07214570045471
35 101.17613434791565
34 101.28103423118591
35 101.38413453102112
35 101.48834776878357
34 101.59325647354126
34 101.69785237312317
34 101.80094408988953
33 101.90551829338074
33 102.00891518592834
32 102.11253571510315
32 102.21564769744873
32 102.31906318664551
32 102.42376637458801
31 102.5287868976593
31 102.631920337677
32 102.7352888584137
32 102.84038257598877
32 102.94321393966675
32 103.04793238639832
32 103.15074825286865
32 103.25484275817871
32 103.35994863510132
32 103.46243238449097
32 103.56595730781555
32 103.6705732345581
32 103.77581715583801
32 103.88098645210266
32 103.98497176170349
32 104.08890700340271
33 104.19342589378357
33 104.29738903045654
33 104.40055894851685
33 104.50419998168945
33 104.6083447933197
34 104.71266889572144
34 104.81629371643066
34 104.92074203491211
34 105.02432155609131
34 105.12849450111389
34 105.23195266723633
34 105.33595156669617
34 105.44001269340515
34 105.54380345344543
34 105.6466383934021
33 105.75038623809814
33 105.85441088676453
33 105.95911431312561
33 106.06164526939392
32 106.16520619392395
32 106.2692642211914
32 106.3725163936615
32 106.4769434928894
32 106.58041071891785
31 106.68438410758972
31 106.78946995735168
31 106.89425945281982
31 106.99701142311096
31 107.10009169578552
31 107.2033417224884
31 107.30636668205261
31 107.40988492965698
32 107.51388621330261
32 107.61781597137451
32 107.72101497650146
32 107.82627487182617
32 107.93018007278442
32 108.0336184501648
32 108.13741111755371
32 108.2405800819397
32 108.34469842910767
32 108.4488594532013
33 108.55242228507996
32 108.65591764450073
33 108.75986433029175
33 108.86320424079895
33 108.96620917320251
33 109.07030248641968
33 109.17395281791687
33 109.27715587615967
33 109.38078474998474
33 109.48575186729431
33 109.59177350997925
33 109.69531679153442
32 109.7987973690033
33 109.9021110534668
33 110.00585627555847
32 110.1091821193695
32 110.21269917488098
32 110.3155243396759
32 110.41927456855774
31 110.52237439155579
31 110.6253113746643
31 110.7290256023407
31 110.83346652984619
30 110.93701314926147
30 111.04057955741882
31 111.14439725875854
31 111.24895334243774
31 111.354243516922
31 111.45780396461487
31 111.56315493583679
31 111.6679060459137
31 111.77207159996033
31 111.876540184021
31 111.98061180114746
31 112.08472347259521
31 112.18953227996826
31 112.29235363006592
31 112.39595484733582
31 112.49942708015442
32 112.60413932800293
32 112.7071750164032
32 112.81193280220032
32 112.91665768623352
32 113.02041172981262
33 113.12395286560059
33 113.22702169418335
33 113.33109283447266
33 113.43518233299255
33 113.53854560852051
33 113.64302897453308
33 113.74748921394348
33 113.85173058509827
33 113.95493602752686
33 114.05887413024902
33 114.16226553916931
33 114.26606035232544
34 114.36929678916931
33 114.47222828865051
33 114.57598829269409
32 114.67967700958252
32 114.78326034545898
32 114.88672947883606
32 114.99061465263367
31 115.09473085403442
31 115.19785761833191
31 115.30130338668823
31 115.40521335601807
31 115.50928974151611
31 115.61339521408081
31 115.71804809570312
31 115.82201385498047
31 115.92540502548218
31 116.02847743034363
31 116.1323356628418
31 116.23508143424988
32 116.33841156959534
31 116.44296979904175
32 116.54647707939148
32 116.64947533607483
32 116.75284099578857
32 116.85668182373047
32 116.96018075942993
32 117.06395244598389
32 117.16703844070435
32 117.27109336853027
32 117.37476110458374
32 117.47861003875732
32 117.58192253112793
33 117.68485689163208
32 117.78858256340027
33 117.89297223091125
33 117.99549055099487
33 118.09891057014465
32 118.20242404937744
32 118.30622720718384
32 118.41048002243042
32 118.5138578414917
32 118.61820769309998
32 118.72109198570251
31 118.82507967948914
31 118.92840147018433
31 119.03197932243347
31 119.13707780838013
31 119.24038457870483
31 119.3449227809906
31 119.44781017303467
31 119.55064153671265
31 119.65450048446655
31 119.75861477851868
31 119.86123514175415
31 119.965261220932
31 120.06918549537659
