59 2.1457672119140625e-06
60 0.6317446231842041
59 0.735663652420044
59 0.8386504650115967
59 0.9410643577575684
58 1.0437111854553223
58 1.1462907791137695
57 1.2488682270050049
56 1.3517687320709229
55 1.4538698196411133
55 1.556776762008667
54 1.6591615676879883
53 1.7620189189910889
53 1.8639116287231445
52 1.9667837619781494
52 2.0692594051361084
53 2.171563148498535
54 2.274074077606201
55 2.376800537109375
55 2.479557991027832
55 2.5822863578796387
55 2.684831142425537
55 2.7878668308258057
55 2.890502691268921
56 2.992875099182129
57 3.095237970352173
57 3.1974425315856934
57 3.2997984886169434
57 3.4022631645202637
56 3.5046491622924805
56 3.6070730686187744
55 3.7094876766204834
55 3.811861515045166
54 3.9143574237823486
54 4.016807556152344
53 4.119363784790039
53 4.222207069396973
52 4.324961423873901
52 4.427286863327026
52 4.5297722816467285
52 4.63230299949646
52 4.734692335128784
53 4.837325096130371
53 4.9394471645355225
53 5.041925430297852
53 5.144753694534302
53 5.247252941131592
54 5.3498570919036865
54 5.451996803283691
54 5.5548505783081055
54 5.658061981201172
54 5.76041054725647
54 5.863251686096191
54 5.965949535369873
53 6.068516254425049
53 6.171130895614624
52 6.2737860679626465
52 6.376503229141235
51 6.479114532470703
51 6.5816731452941895
50 6.684150218963623
50 6.787169456481934
49 6.890132904052734
49 6.992445707321167
49 7.094959497451782
50 7.19753623008728
50 7.300247430801392
50 7.402727365493774
51 7.505455732345581
51 7.607831001281738
52 7.710453748703003
52 7.813188552856445
52 7.916058301925659
53 8.018577098846436
53 8.121077299118042
53 8.223459482192993
53 8.325698375701904
53 8.42822790145874
53 8.5304594039917
54 8.633193016052246
53 8.735671758651733
52 8.838041543960571
51 8.940362930297852
50 9.042704343795776
50 9.145125150680542
50 9.247636318206787
50 9.350176811218262
49 9.45270562171936
49 9.555297374725342
49 9.657848596572876
48 9.760267496109009
48 9.862950325012207
48 9.965497255325317
49 10.068125486373901
50 10.170397758483887
50 10.272904872894287
51 10.37553358078003
51 10.478131532669067
52 10.580564975738525
52 10.683123111724854
52 10.785871267318726
52 10.888708591461182
53 10.991387128829956
53 11.093870878219604
53 11.196197032928467
53 11.298721551895142
53 11.401437997817993
53 11.504184484481812
53 11.606685161590576
52 11.709532499313354
51 11.812198400497437
51 11.91487455368042
51 12.017321825027466
50 12.120218753814697
50 12.222830295562744
49 12.325624942779541
49 12.428188800811768
48 12.530682802200317
49 12.633299589157104
49 12.736083269119263
49 12.838880062103271
50 12.941322565078735
50 13.044146299362183
50 13.146759748458862
51 13.24928331375122
51 13.351927518844604
52 13.454539775848389
51 13.557189464569092
52 13.65980076789856
52 13.762217998504639
52 13.864795684814453
52 13.967249631881714
52 14.069839715957642
52 14.172550439834595
52 14.275080919265747
52 14.377575635910034
51 14.48008418083191
51 14.58251166343689
50 14.684879779815674
50 14.78749680519104
49 14.889506816864014
49 14.992201328277588
49 15.094600439071655
48 15.197092771530151
48 15.299529790878296
48 15.40202021598816
48 15.504579305648804
48 15.60722804069519
48 15.709600448608398
49 15.812236547470093
49 15.914396524429321
49 16.017000198364258
50 16.119541883468628
50 16.222248315811157
50 16.324923038482666
50 16.427443981170654
50 16.53063702583313
51 16.634164333343506
51 16.738895893096924
52 16.844632625579834
52 16.94782257080078
52 17.0512592792511
52 17.155795335769653
51 17.25918221473694
51 17.3634090423584
50 17.466547966003418
51 17.57086992263794
50 17.675799131393433
50 17.780712127685547
49 17.884938716888428
48 17.98898673057556
48 18.093503713607788
48 18.196176767349243
48 18.299994230270386
49 18.404382467269897
49 18.50885820388794
50 18.613545656204224
51 18.716973543167114
51 18.820632696151733
51 18.924466848373413
51 19.02989959716797
51 19.13299059867859
52 19.237025022506714
53 19.341437339782715
53 19.446508169174194
53 19.550915241241455
52 19.654579162597656
53 19.758924961090088
52 19.86328935623169
51 19.96696400642395
52 20.07118248939514
51 20.17529273033142
50 20.27968144416809
50 20.382832765579224
49 20.487009525299072
49 20.591949701309204
49 20.695947408676147
48 20.799731492996216
48 20.904024839401245
49 21.00836730003357
49 21.113142251968384
50 21.21643853187561
50 21.319950580596924
50 21.42486882209778
51 21.53000259399414
51 21.633414268493652
51 21.737169981002808
52 21.841461420059204
52 21.944281816482544
53 22.047541618347168
52 22.15112829208374
52 22.25514841079712
51 22.35962176322937
51 22.461650371551514
50 22.565272569656372
50 22.669716596603394
50 22.77393937110901
49 22.879220724105835
49 22.98271894454956
48 23.086063861846924
49 23.19061255455017
49 23.2943434715271
49 23.397557973861694
50 23.50066304206848
50 23.604591846466064
50 23.707873582839966
50 23.810347318649292
51 23.913892030715942
52 24.01883578300476
52 24.12358570098877
52 24.227240085601807
52 24.330676078796387
52 24.434733629226685
53 24.53913450241089
53 24.644832611083984
52 24.749094247817993
51 24.85236167907715
51 24.95507287979126
51 25.0600106716156
50 25.163572549819946
50 25.26733422279358
49 25.371880769729614
49 25.475832223892212
49 25.57961869239807
49 25.683377742767334
49 25.787619829177856
49 25.892032146453857
49 25.996320724487305
50 26.099933862686157
50 26.203243255615234
50 26.30847477912903
50 26.41285252571106
51 26.517257690429688
51 26.622241258621216
52 26.727052927017212
51 26.830488443374634
51 26.933175086975098
51 27.037096738815308
51 27.143084287643433
51 27.246944427490234
50 27.35125994682312
50 27.456549406051636
49 27.561687469482422
49 27.66480851173401
49 27.76908588409424
48 27.873476266860962
48 27.978113651275635
48 28.081197023391724
48 28.185776472091675
49 28.29053521156311
50 28.395777940750122
50 28.499011039733887
50 28.602681875228882
51 28.70656967163086
51 28.811573266983032
52 28.914994478225708
52 29.01820182800293
51 29.122464656829834
52 29.226453065872192
51 29.329270601272583
52 29.433388471603394
52 29.537921667099
51 29.642778873443604
51 29.74582290649414
50 29.84976840019226
50 29.9532208442688
49 30.05727505683899
50 30.163034200668335
49 30.266693353652954
49 30.370492696762085
48 30.47474217414856
48 30.5792133808136
49 30.682718992233276
49 30.785781145095825
50 30.890170574188232
50 30.99440097808838
50 31.09794545173645
50 31.201929807662964
51 31.30670666694641
51 31.411033868789673
52 31.51469850540161
52 31.61928153038025
52 31.723888874053955
53 31.82784676551819
53 31.929948329925537
52 32.033976793289185
52 32.13793396949768
52 32.24307036399841
51 32.34704852104187
51 32.45012831687927
51 32.55430817604065
50 32.65890431404114
49 32.76179027557373
49 32.8653302192688
49 32.96944451332092
49 33.073607206344604
49 33.17752933502197
50 33.28052115440369
51 33.38434934616089
51 33.48860692977905
51 33.59243845939636
52 33.69634008407593
52 33.79971647262573
53 33.90307974815369
52 34.00784492492676
53 34.11149311065674
52 34.21510291099548
53 34.319318532943726
52 34.42419910430908
51 34.52766966819763
51 34.63104581832886
50 34.7340669631958
51 34.83876180648804
50 34.94146132469177
50 35.045193672180176
50 35.14814591407776
49 35.25164175033569
50 35.35619807243347
50 35.459667921066284
51 35.563215494155884
51 35.66685152053833
52 35.77138042449951
52 35.87485098838806
52 35.978659868240356
53 36.08246874809265
53 36.1866238117218
53 36.291104316711426
53 36.39575409889221
53 36.499534606933594
53 36.60433745384216
52 36.70770764350891
52 36.81095361709595
51 36.914812088012695
51 37.01803708076477
51 37.12225389480591
50 37.22647142410278
50 37.33080220222473
49 37.434794664382935
49 37.53945016860962
49 37.643213510513306
49 37.747233629226685
50 37.85163950920105
50 37.95445990562439
50 38.05785894393921
51 38.161865234375
51 38.26652479171753
51 38.3709921836853
52 38.47411251068115
52 38.57744908332825
52 38.68249773979187
52 38.78743886947632
52 38.89083385467529
52 38.994476556777954
51 39.09823727607727
51 39.20173358917236
51 39.30612921714783
50 39.409801959991455
50 39.51445245742798
50 39.619271755218506
50 39.72178840637207
50 39.82522749900818
50 39.928162574768066
50 40.03297996520996
49 40.1368465423584
50 40.239988565444946
50 40.343132734298706
50 40.447160720825195
51 40.55182385444641
52 40.65510153770447
52 40.758228063583374
52 40.86126184463501
53 40.96510887145996
53 41.069098711013794
53 41.17252802848816
53 41.27621531486511
53 41.381038665771484
52 41.48570227622986
52 41.589235067367554
51 41.694329500198364
51 41.8002724647522
50 41.90513634681702
50 42.008249044418335
49 42.1115243434906
48 42.21594595909119
48 42.321340560913086
48 42.42483592033386
49 42.529784202575684
49 42.63317346572876
50 42.73825192451477
50 42.84170913696289
51 42.94479012489319
51 43.049824953079224
51 43.155752658843994
51 43.25963354110718
52 43.363221645355225
52 43.46754598617554
52 43.57269644737244
52 43.67659831047058
52 43.780856132507324
52 43.88542723655701
52 43.99034881591797
52 44.094736099243164
51 44.19913649559021
51 44.30300807952881
51 44.408254623413086
50 44.51166129112244
50 44.61534786224365
49 44.71898698806763
49 44.82414746284485
49 44.927271127700806
49 45.031418323516846
50 45.13564944267273
50 45.240617513656616
51 45.343998193740845
52 45.448394775390625
52 45.552263021469116
52 45.65601873397827
53 45.75973558425903
53 45.86364507675171
54 45.96743631362915
54 46.071935176849365
53 46.17599439620972
54 46.279027462005615
54 46.38316631317139
54 46.48731350898743
53 46.59093356132507
53 46.69487428665161
52 46.7994647026062
52 46.903969049453735
51 47.00798320770264
51 47.11191773414612
51 47.21540594100952
50 47.31942057609558
50 47.42263460159302
50 47.526339054107666
50 47.62969708442688
50 47.73411464691162
51 47.83970522880554
51 47.94271159172058
52 48.045478105545044
52 48.14937400817871
53 48.25405192375183
54 48.35781812667847
54 48.46221899986267
54 48.56630492210388
54 48.67102026939392
54 48.77393174171448
54 48.87802696228027
53 48.982765436172485
53 49.08787155151367
52 49.191853761672974
52 49.29601740837097
52 49.399356842041016
51 49.50274062156677
50 49.60641551017761
50 49.70958924293518
50 49.81291723251343
50 49.91767406463623
50 50.02049136161804
50 50.124237060546875
51 50.22837495803833
51 50.333739042282104
51 50.43637704849243
52 50.54031491279602
52 50.64350628852844
53 50.748013734817505
54 50.85238981246948
54 50.95556449890137
54 51.05912137031555
54 51.16315007209778
55 51.2677206993103
55 51.37188744544983
54 51.47535562515259
54 51.579949378967285
54 51.68383073806763
53 51.786900997161865
53 51.89087891578674
52 51.995441913604736
52 52.09888672828674
52 52.20181679725647
52 52.30533242225647
50 52.40936207771301
50 52.51267957687378
50 52.61697697639465
50 52.72055625915527
50 52.823705196380615
50 52.92726993560791
51 53.03364038467407
52 53.137526512145996
52 53.241613149642944
53 53.345924377441406
53 53.450555086135864
54 53.55382061004639
54 53.65693497657776
54 53.76155877113342
54 53.86550307273865
54 53.96886086463928
54 54.07242226600647
54 54.17711615562439
54 54.2818169593811
53 54.38510704040527
53 54.48916411399841
52 54.59377837181091
53 54.69872450828552
52 54.80203986167908
52 54.9060115814209
52 55.0091233253479
50 55.113858461380005
50 55.21692514419556
50 55.32021188735962
50 55.42409014701843
50 55.528762102127075
49 55.63311433792114
49 55.73603653907776
50 55.839751958847046
50 55.9420108795166
51 56.046271324157715
52 56.14945650100708
52 56.2533392906189
53 56.35836744308472
53 56.463194370269775
54 56.56639909744263
54 56.67019581794739
54 56.77395558357239
55 56.878798484802246
54 56.98141050338745
54 57.085158348083496
54 57.18977642059326
54 57.29404544830322
54 57.39808773994446
53 57.50176119804382
53 57.606374979019165
52 57.71040654182434
52 57.814327001571655
52 57.919190883636475
51 58.02320408821106
51 58.127228021621704
51 58.23211073875427
51 58.335097551345825
51 58.44003391265869
51 58.54480242729187
51 58.64959692955017
52 58.753976345062256
52 58.85919404029846
53 58.964269399642944
54 59.0675265789032
55 59.170881509780884
55 59.27382159233093
55 59.377362966537476
55 59.482062101364136
55 59.585668087005615
55 59.68880248069763
55 59.79215145111084
55 59.89649033546448
54 60.00054717063904
54 60.10443139076233
53 60.209004640579224
53 60.31399059295654
52 60.417789697647095
52 60.52219295501709
51 60.626394510269165
51 60.731308460235596
51 60.83469343185425
51 60.93815875053406
50 61.042003870010376
51 61.14657473564148
51 61.250125885009766
51 61.35365867614746
52 61.457900285720825
53 61.56321978569031
54 61.66637563705444
54 61.76931929588318
55 61.87318658828735
55 61.97769379615784
55 62.082295656204224
55 62.18606519699097
56 62.29088997840881
56 62.39524173736572
56 62.49935841560364
55 62.603015422821045
55 62.706178426742554
55 62.81006360054016
54 62.91396975517273
54 63.01738667488098
53 63.12129473686218
52 63.224698543548584
51 63.328957080841064
51 63.43335509300232
50 63.53651690483093
50 63.640517473220825
49 63.74497675895691
50 63.84865403175354
50 63.9516327381134
49 64.05456233024597
50 64.16079688072205
50 64.26310992240906
51 64.3669204711914
51 64.47081351280212
52 64.57561016082764
52 64.67906165122986
53 64.78249001502991
53 64.88580083847046
53 64.99098944664001
54 65.09616589546204
54 65.19995355606079
54 65.30473732948303
54 65.40863680839539
54 65.51356077194214
54 65.61776542663574
54 65.72221946716309
53 65.82715582847595
53 65.93122053146362
52 66.03484344482422
52 66.13943123817444
52 66.2428822517395
51 66.34862637519836
51 66.45249676704407
50 66.55636096000671
50 66.6607449054718
49 66.76610231399536
49 66.86952900886536
50 66.9731433391571
50 67.07742762565613
51 67.1823890209198
52 67.28623938560486
53 67.38979077339172
53 67.49445223808289
54 67.60021471977234
55 67.70393896102905
55 67.8085675239563
55 67.91316986083984
55 68.01619911193848
55 68.1197817325592
55 68.22283673286438
56 68.32690954208374
55 68.43022513389587
55 68.53371715545654
54 68.63753342628479
54 68.7414059638977
54 68.84596347808838
53 68.94930005073547
52 69.05285811424255
52 69.15650272369385
52 69.26099395751953
51 69.36340093612671
50 69.46674966812134
51 69.5708875656128
52 69.67504024505615
52 69.77899432182312
54 69.88231348991394
54 69.98600840568542
54 70.09013819694519
54 70.19324278831482
54 70.29605031013489
54 70.3996729850769
55 70.5044207572937
55 70.6084954738617
54 70.71154880523682
54 70.8151044845581
54 70.92411351203918
54 71.02875089645386
53 71.13170027732849
53 71.23561072349548
52 71.33984446525574
51 71.44449234008789
51 71.54789614677429
51 71.65122318267822
51 71.75502800941467
50 71.85874438285828
50 71.96139073371887
49 72.06499457359314
50 72.16877627372742
50 72.2729754447937
50 72.37719821929932
51 72.48050689697266
52 72.58429908752441
52 72.68842220306396
53 72.7922728061676
54 72.89538931846619
54 72.99920058250427
54 73.10370111465454
55 73.20886874198914
55 73.31185746192932
55 73.41538405418396
55 73.51909518241882
55 73.62280774116516
54 73.72645616531372
53 73.82986974716187
53 73.9336576461792
52 74.03675079345703
52 74.14045143127441
51 74.24361252784729
51 74.34668636322021
50 74.4514229297638
50 74.55642652511597
50 74.65940022468567
49 74.76265144348145
50 74.86632704734802
49 74.9710590839386
49 75.07631421089172
49 75.18016409873962
49 75.28484654426575
50 75.38937616348267
51 75.49215149879456
52 75.59547901153564
52 75.7002341747284
53 75.80498695373535
53 75.9110221862793
54 76.01449656486511
54 76.11814951896667
55 76.22262024879456
55 76.32804751396179
55 76.43173718452454
56 76.53609681129456
55 76.64020228385925
54 76.74299573898315
53 76.84728574752808
53 76.95086860656738
52 77.05520868301392
52 77.15957570075989
52 77.26328563690186
51 77.36804223060608
50 77.47248959541321
49 77.57722210884094
50 77.6813223361969
49 77.78570294380188
49 77.89025568962097
49 77.9955906867981
49 78.09995794296265
49 78.2033109664917
49 78.30702328681946
50 78.41139340400696
51 78.51454710960388
51 78.61876511573792
51 78.72338271141052
51 78.82820296287537
52 78.93123650550842
53 79.03549361228943
53 79.14020323753357
54 79.24482250213623
54 79.34826517105103
54 79.45260524749756
54 79.55720710754395
54 79.66188955307007
54 79.76507043838501
53 79.86815738677979
52 79.97236156463623
52 80.07698774337769
51 80.18028259277344
50 80.28365540504456
49 80.38842272758484
49 80.49248147010803
48 80.59590888023376
47 80.70002508163452
47 80.80492734909058
47 80.90962839126587
47 81.0141351222992
47 81.11819076538086
48 81.22289896011353
48 81.32842326164246
48 81.4322075843811
49 81.53615140914917
48 81.64105367660522
49 81.74659013748169
50 81.85011339187622
50 81.95357966423035
51 82.05821251869202
51 82.16359281539917
51 82.26829290390015
52 82.37181997299194
53 82.47635889053345
52 82.58003067970276
57 82.68379473686218
53 82.78731346130371
53 82.89252305030823
53 82.99679446220398
53 83.10061168670654
53 83.20422339439392
54 83.30876970291138
54 83.41389346122742
54 83.51799130439758
54 83.62187337875366
54 83.72646713256836
53 83.8301272392273
53 83.93409752845764
52 84.03740620613098
52 84.14234685897827
52 84.24808096885681
51 84.35195636749268
50 84.45507764816284
51 84.55923676490784
51 84.66366338729858
51 84.76665711402893
52 84.87070822715759
52 84.97387194633484
52 85.0781581401825
53 85.18133234977722
53 85.28512239456177
54 85.38902950286865
54 85.49341130256653
54 85.59852719306946
54 85.70308327674866
55 85.80632901191711
55 85.91048455238342
54 86.01284170150757
54 86.11741638183594
54 86.2217104434967
54 86.32614135742188
54 86.43179559707642
54 86.53468728065491
53 86.63870406150818
53 86.74303150177002
52 86.84746646881104
52 86.95031094551086
51 87.05389070510864
51 87.15806770324707
50 87.2625744342804
50 87.36572170257568
50 87.46968340873718
50 87.57441329956055
49 87.67963004112244
50 87.7832190990448
50 87.88668894767761
50 87.9910683631897
50 88.09638500213623
53 88.20009636878967
54 88.30365300178528
55 88.40787839889526
55 88.51237487792969
56 88.6158094406128
56 88.71900916099548
57 88.8227686882019
57 88.92844009399414
57 89.0318512916565
58 89.13544988632202
58 89.24058485031128
58 89.34499931335449
58 89.44849133491516
57 89.55144357681274
57 89.65569067001343
56 89.75959062576294
56 89.86366271972656
55 89.96728897094727
55 90.07075762748718
54 90.17491793632507
54 90.2799174785614
54 90.38291335105896
53 90.48673748970032
53 90.5910964012146
52 90.69583940505981
52 90.79923105239868
52 90.90319895744324
53 91.00669121742249
53 91.11093521118164
53 91.21455383300781
53 91.31749844551086
54 91.42162990570068
55 91.52577900886536
55 91.6288833618164
56 91.73252272605896
56 91.83651781082153
56 91.93953657150269
56 92.04429578781128
57 92.1477723121643
56 92.25121212005615
57 92.35556221008301
57 92.46126174926758
57 92.56419277191162
56 92.66919994354248
56 92.77324271202087
56 92.87869381904602
56 92.98217725753784
55 93.08609199523926
54 93.18942546844482
54 93.2939133644104
54 93.39791703224182
53 93.50274562835693
53 93.6072268486023
53 93.71200394630432
52 93.81536531448364
51 93.91977524757385
51 94.02387547492981
51 94.12923765182495
51 94.23224568367004
52 94.33614802360535
53 94.4387264251709
53 94.54259514808655
53 94.6465380191803
54 94.75047945976257
54 94.85465788841248
55 94.9574728012085
55 95.06155610084534
56 95.16515779495239
56 95.26862573623657
57 95.37307667732239
57 95.47783660888672
57 95.58157229423523
57 95.68471932411194
56 95.78966045379639
56 95.89483737945557
57 95.99848794937134
56 96.10254693031311
56 96.20693254470825
56 96.31101179122925
56 96.41442131996155
55 96.51859188079834
55 96.62377333641052
55 96.72821068763733
54 96.83206176757812
54 96.93556952476501
53 97.03931188583374
53 97.14477181434631
53 97.24833726882935
53 97.35144305229187
53 97.45479846000671
53 97.55966544151306
54 97.66265821456909
55 97.76624989509583
55 97.87049317359924
55 97.97500395774841
56 98.07803058624268
56 98.1814866065979
56 98.28635883331299
56 98.38973236083984
56 98.49463200569153
56 98.5978934764862
57 98.70248699188232
57 98.80695915222168
56 98.91099286079407
56 99.01407623291016
56 99.11811232566833
55 99.22210121154785
54 99.32727360725403
54 99.43137121200562
53 99.53572201728821
53 99.63928627967834
53 99.74415683746338
53 99.84700155258179
53 99.94967555999756
52 100.05377721786499
52 100.15858054161072
52 100.26181721687317
51 100.36591958999634
51 100.46960186958313
51 100.5745005607605
52 100.67770862579346
52 100.7814073562622
53 100.88518166542053
53 100.99063277244568
53 101.09398818016052
53 101.19719910621643
54 101.30179238319397
54 101.4062991142273
54 101.50883674621582
55 101.61232161521912
54 101.71621823310852
54 101.82059383392334
55 101.92572236061096
55 102.02937960624695
54 102.13410949707031
54 102.239333152771
54 102.3422646522522
54 102.4456353187561
54 102.54953742027283
54 102.65418529510498
53 102.75816035270691
53 102.86231517791748
52 102.96602654457092
52 103.06925106048584
52 103.17478227615356
51 103.27851462364197
51 103.3815860748291
50 103.48615550994873
51 103.59023666381836
51 103.69430923461914
52 103.79784297943115
52 103.90336084365845
53 104.00712990760803
53 104.11071014404297
53 104.21417307853699
54 104.3182303905487
54 104.42362594604492
54 104.52760362625122
55 104.6309323310852
56 104.73563003540039
56 104.84017443656921
56 104.94376802444458
56 105.04756665229797
55 105.15133571624756
55 105.25518465042114
54 105.35733723640442
54 105.46114897727966
54 105.56472396850586
53 105.66891551017761
52 105.77306389808655
53 105.8767294883728
52 105.98015284538269
52 106.08352875709534
51 106.18787360191345
52 106.29172992706299
52 106.39550256729126
53 106.5005145072937
54 106.60689783096313
54 106.70983242988586
55 106.81357622146606
55 106.92234182357788
56 107.02665829658508
55 107.13025832176208
56 107.23392987251282
56 107.33982253074646
56 107.44515085220337
56 107.54809761047363
56 107.65103363990784
56 107.75518012046814
56 107.86041164398193
55 107.96371698379517
55 108.06789946556091
55 108.1738452911377
55 108.27755093574524
54 108.3809084892273
53 108.48562431335449
53 108.58933520317078
52 108.69334030151367
51 108.79664468765259
50 108.89983201026917
49 109.00416994094849
47 109.10938143730164
45 109.21277904510498
44 109.31608033180237
43 109.4209532737732
43 109.52562117576599
44 109.6288833618164
45 109.73255443572998
46 109.83747720718384
47 109.94022297859192
49 110.04508876800537
50 110.1490867137909
51 110.25379729270935
51 110.35769534111023
51 110.46085929870605
51 110.56466460227966
52 110.66764736175537
51 110.77125859260559
51 110.87585234642029
52 110.97989630699158
52 111.08338713645935
52 111.18713068962097
51 111.29228043556213
51 111.39581990242004
51 111.49876141548157
51 111.60315322875977
50 111.70719981193542
49 111.81073307991028
49 111.9156129360199
49 112.02004599571228
48 112.12503957748413
47 112.22847414016724
48 112.33177471160889
47 112.43612456321716
47 112.54145669937134
48 112.64469528198242
48 112.74891829490662
49 112.8528163433075
50 112.95643663406372
50 113.05988454818726
51 113.16316413879395
51 113.26830697059631
51 113.37241196632385
51 113.47515535354614
51 113.57875204086304
51 113.68271827697754
51 113.7867202758789
51 113.89151310920715
51 113.99486708641052
51 114.09943890571594
50 114.20374083518982
50 114.30912494659424
50 114.41251873970032
49 114.51627707481384
48 114.62134575843811
48 114.72596287727356
47 114.83042931556702
47 114.93384861946106
46 115.03812718391418
46 115.14269614219666
46 115.24649596214294
46 115.35012173652649
46 115.45492625236511
47 115.55842614173889
48 115.66159772872925
48 115.76586294174194
49 115.87050461769104
49 115.97483515739441
49 116.07840704917908
50 116.18288254737854
50 116.28708910942078
50 116.39144396781921
51 116.49440789222717
51 116.59850907325745
51 116.70283579826355
52 116.80724000930786
52 116.91087770462036
51 117.01421976089478
51 117.11813187599182
51 117.2223219871521
51 117.32512855529785
50 117.42880058288574
50 117.53352332115173
49 117.63946604728699
48 117.74246621131897
48 117.84628987312317
48 117.94857883453369
48 118.05223321914673
47 118.15689516067505
47 118.26137208938599
47 118.3660683631897
47 118.47090101242065
47 118.57553696632385
47 118.67921733856201
47 118.78373908996582
47 118.88861298561096
48 118.99315762519836
48 119.09660696983337
49 119.20040512084961
49 119.30744338035583
50 119.4112536907196
50 119.51495265960693
51 119.61872816085815
51 119.72416996955872
51 119.82649302482605
52 119.92968702316284
52 120.03362679481506
