41 7.152557373046875e-07
42 0.6220958232879639
42 0.7249488830566406
41 0.8272721767425537
41 0.9293718338012695
41 1.0319325923919678
41 1.1342148780822754
41 1.2366294860839844
40 1.3391008377075195
40 1.4415035247802734
40 1.5440661907196045
40 1.647233486175537
39 1.7495949268341064
39 1.8520565032958984
39 1.954622745513916
39 2.0574145317077637
40 2.159975051879883
40 2.2631382942199707
40 2.365856885910034
40 2.468191623687744
40 2.571259021759033
40 2.673534631729126
41 2.7759742736816406
41 2.878145456314087
41 2.9810919761657715
42 3.083272933959961
42 3.1853158473968506
42 3.2876389026641846
42 3.3899059295654297
42 3.4921936988830566
43 3.5945167541503906
43 3.69682240486145
43 3.799186944961548
43 3.901695966720581
43 4.0040953159332275
43 4.106444358825684
43 4.208595037460327
43 4.310890436172485
43 4.413763523101807
43 4.516550064086914
43 4.618862867355347
43 4.721311330795288
43 4.823688745498657
43 4.926086187362671
43 5.028523206710815
43 5.131055116653442
43 5.233643054962158
42 5.336153268814087
42 5.438655614852905
42 5.541191339492798
42 5.643892526626587
41 5.746642827987671
41 5.84912633895874
41 5.951543807983398
40 6.053959846496582
40 6.1562604904174805
40 6.258516788482666
40 6.360934257507324
39 6.463306665420532
39 6.565821886062622
39 6.66820764541626
39 6.7706568241119385
39 6.873106002807617
39 6.9755637645721436
39 7.078640937805176
39 7.1810142993927
40 7.283304929733276
40 7.385881423950195
40 7.488536357879639
40 7.591137170791626
40 7.6938416957855225
41 7.796325206756592
41 7.8992908000946045
41 8.001501560211182
41 8.103840351104736
42 8.20610785484314
42 8.308282136917114
42 8.41079831123352
43 8.513557195663452
43 8.615873336791992
43 8.718315839767456
43 8.820784091949463
43 8.923142433166504
43 9.025593519210815
43 9.127907037734985
43 9.230189085006714
43 9.332399368286133
43 9.434721231460571
43 9.537080764770508
43 9.639343023300171
43 9.741655111312866
43 9.844492435455322
42 9.946567296981812
42 10.04903507232666
42 10.151209115982056
42 10.25357174873352
41 10.356109380722046
41 10.458756446838379
41 10.561249017715454
41 10.66355586051941
40 10.765885353088379
40 10.868221044540405
40 10.970560312271118
40 11.073120594024658
40 11.175702810287476
39 11.278486490249634
39 11.381459951400757
39 11.483604907989502
39 11.585872888565063
39 11.688351154327393
39 11.790908098220825
39 11.89323353767395
39 11.995729446411133
40 12.098212480545044
40 12.200421333312988
40 12.303093194961548
41 12.405604839324951
41 12.508051872253418
41 12.610965251922607
41 12.71341347694397
41 12.816214561462402
42 12.918616533279419
42 13.021080493927002
42 13.123594999313354
42 13.226014614105225
43 13.328609228134155
43 13.431103229522705
43 13.533864736557007
43 13.636641502380371
43 13.739189624786377
43 13.841708183288574
43 13.944207429885864
43 14.047740697860718
43 14.15020489692688
43 14.252274751663208
43 14.354412078857422
43 14.456857442855835
43 14.559149980545044
43 14.661545991897583
42 14.7637038230896
42 14.865965843200684
42 14.96859073638916
41 15.072238445281982
41 15.175925970077515
41 15.280312061309814
41 15.384527921676636
40 15.488147974014282
40 15.591217994689941
40 15.69494080543518
39 15.799198627471924
39 15.902281999588013
39 16.005961656570435
39 16.109829425811768
39 16.2149395942688
39 16.317805767059326
39 16.421440839767456
39 16.525825262069702
39 16.629955053329468
39 16.734051942825317
40 16.83835196495056
40 16.94184160232544
40 17.04711079597473
40 17.154027938842773
40 17.257964611053467
41 17.361998319625854
41 17.467344999313354
41 17.57144069671631
42 17.674588680267334
42 17.779343605041504
42 17.882806062698364
42 17.989379405975342
43 18.093591928482056
43 18.19751262664795
43 18.30250334739685
43 18.405295848846436
43 18.50881576538086
43 18.61284613609314
43 18.717811584472656
43 18.82068157196045
43 18.924407958984375
43 19.028070211410522
43 19.133211374282837
43 19.235718488693237
43 19.339167833328247
42 19.443274974822998
42 19.54747724533081
42 19.652311325073242
42 19.755576372146606
42 19.859276056289673
41 19.963578462600708
41 20.067583799362183
41 20.170806884765625
41 20.27512526512146
40 20.37859869003296
40 20.48289728164673
40 20.585983514785767
40 20.690073251724243
39 20.79434370994568
39 20.89864683151245
40 21.00168490409851
40 21.105103492736816
40 21.20999550819397
40 21.31539011001587
40 21.41839289665222
40 21.5236337184906
40 21.62732219696045
40 21.731533765792847
41 21.833942890167236
41 21.938887119293213
41 22.04343819618225
41 22.147217273712158
42 22.252421379089355
42 22.35646891593933
42 22.46021032333374
42 22.564443826675415
43 22.66972827911377
43 22.775147199630737
43 22.880212545394897
43 22.98407244682312
43 23.086862325668335
43 23.191466331481934
43 23.29580283164978
43 23.399160146713257
44 23.503700017929077
43 23.607337474822998
44 23.711434602737427
44 23.815767765045166
44 23.92015242576599
44 24.023090600967407
43 24.12691617012024
43 24.230535984039307
43 24.33367371559143
43 24.438059329986572
42 24.54261302947998
42 24.646324396133423
42 24.75279188156128
41 24.855918169021606
41 24.959754705429077
41 25.063212394714355
41 25.166749000549316
40 25.270594358444214
40 25.37422800064087
40 25.47948431968689
39 25.584179639816284
39 25.687375783920288
39 25.7904691696167
39 25.894891023635864
39 26.000158548355103
39 26.1039719581604
39 26.207582473754883
39 26.311967611312866
40 26.415146589279175
40 26.517362594604492
40 26.620732307434082
40 26.724289417266846
41 26.828669548034668
41 26.932372093200684
41 27.035107612609863
41 27.138954401016235
42 27.242605924606323
42 27.346368074417114
42 27.45105767250061
42 27.554157733917236
43 27.65792489051819
43 27.761444807052612
43 27.86638116836548
43 27.970454454421997
43 28.074000120162964
43 28.178807497024536
43 28.282264471054077
43 28.38531994819641
43 28.48882246017456
43 28.59356427192688
43 28.697199821472168
43 28.80076003074646
43 28.904927968978882
43 29.00987219810486
43 29.113226652145386
43 29.21666955947876
42 29.319703578948975
42 29.425331354141235
42 29.52975106239319
42 29.633496284484863
41 29.73681402206421
41 29.841766357421875
41 29.946221351623535
40 30.04940962791443
40 30.15260910987854
40 30.258148431777954
40 30.361757278442383
40 30.466429471969604
40 30.569863319396973
40 30.673808336257935
40 30.776933431625366
40 30.882500171661377
40 30.985726594924927
40 31.090291261672974
40 31.194068431854248
40 31.297624349594116
41 31.400877952575684
41 31.505070686340332
41 31.608871698379517
41 31.712783336639404
42 31.816240072250366
42 31.920962810516357
42 32.02482581138611
42 32.13013029098511
43 32.23407483100891
43 32.33794903755188
43 32.4424684047699
43 32.548354148864746
43 32.65143060684204
44 32.75443768501282
44 32.85930347442627
44 32.96421003341675
44 33.06737494468689
44 33.17186093330383
44 33.27572774887085
44 33.37958216667175
44 33.48247170448303
44 33.58630418777466
44 33.69082760810852
44 33.79448866844177
43 33.89702844619751
43 34.00068545341492
43 34.10461211204529
43 34.20905685424805
42 34.313928842544556
42 34.41729402542114
42 34.52240204811096
41 34.62637901306152
41 34.73161268234253
41 34.83465218544006
40 34.93970727920532
40 35.04364252090454
40 35.147719383239746
39 35.25199747085571
39 35.35582160949707
39 35.45980095863342
39 35.56403040885925
39 35.66734957695007
39 35.771440744400024
40 35.87525510787964
40 35.9790141582489
40 36.08228850364685
40 36.18573474884033
40 36.29007911682129
40 36.3953754901886
41 36.498597145080566
41 36.60274314880371
41 36.70690417289734
41 36.81059002876282
42 36.91424560546875
42 37.01793670654297
42 37.12255787849426
43 37.226948976516724
43 37.32979226112366
43 37.432835817337036
43 37.537243127822876
43 37.6412627696991
43 37.74619388580322
44 37.84980487823486
44 37.95322227478027
44 38.05960249900818
44 38.163761138916016
44 38.26750469207764
44 38.37170100212097
44 38.47621512413025
44 38.58023142814636
44 38.68373394012451
44 38.787981033325195
44 38.891507148742676
43 38.99470520019531
43 39.09795427322388
43 39.202521324157715
43 39.30620622634888
42 39.411375761032104
42 39.51484727859497
42 39.61842918395996
41 39.72336483001709
41 39.82817482948303
41 39.93226146697998
41 40.035398960113525
40 40.13895225524902
40 40.24456071853638
40 40.347832441329956
40 40.45143437385559
40 40.55555844306946
40 40.65907335281372
40 40.761377573013306
40 40.86444282531738
40 40.96842813491821
40 41.073760747909546
40 41.17743110656738
40 41.28112506866455
40 41.385605573654175
41 41.489341020584106
41 41.59383177757263
41 41.69762682914734
41 41.80176091194153
42 41.905972957611084
42 42.01106309890747
42 42.114285707473755
43 42.21757435798645
43 42.32134485244751
43 42.425416469573975
43 42.52858543395996
43 42.63178324699402
43 42.73622441291809
44 42.84114670753479
44 42.944015979766846
44 43.047470569610596
44 43.15257024765015
44 43.25723719596863
44 43.35950040817261
44 43.46269512176514
44 43.5672082901001
44 43.67129063606262
43 43.77639102935791
43 43.87989854812622
43 43.983296155929565
43 44.08953022956848
42 44.193546533584595
42 44.296643018722534
42 44.400869369506836
42 44.50452280044556
41 44.609838008880615
41 44.71362566947937
41 44.81792140007019
41 44.922242164611816
41 45.028109550476074
41 45.13154363632202
40 45.23682188987732
40 45.341657638549805
40 45.44759726524353
41 45.55168843269348
41 45.657331705093384
41 45.76081037521362
41 45.86349844932556
41 45.966635942459106
41 46.07050704956055
41 46.174623250961304
41 46.278634548187256
42 46.38218712806702
42 46.48588991165161
42 46.58975100517273
42 46.69415092468262
43 46.79825472831726
43 46.9017813205719
43 47.00629138946533
43 47.11158633232117
43 47.2151517868042
44 47.31882333755493
44 47.422712326049805
44 47.526437520980835
44 47.629844188690186
44 47.732903242111206
44 47.83729958534241
44 47.94324326515198
44 48.04674744606018
44 48.15020942687988
44 48.2546021938324
44 48.35933208465576
44 48.4628210067749
44 48.567365646362305
44 48.67242980003357
44 48.77650022506714
43 48.87991380691528
43 48.98310446739197
43 49.08755898475647
43 49.19249200820923
42 49.29489350318909
42 49.398324489593506
42 49.5020170211792
41 49.607197761535645
41 49.710750579833984
41 49.814425468444824
41 49.91758704185486
40 50.023855686187744
40 50.1290979385376
40 50.232462882995605
40 50.33744287490845
40 50.44250297546387
40 50.54837942123413
40 50.65268349647522
40 50.756733417510986
40 50.86149454116821
41 50.96495985984802
41 51.06816601753235
41 51.171714305877686
42 51.275543212890625
42 51.37929034233093
42 51.4827675819397
42 51.58683252334595
43 51.68999910354614
43 51.794147968292236
43 51.89774680137634
43 52.00151467323303
43 52.10531401634216
44 52.20984077453613
44 52.312976598739624
44 52.41660261154175
44 52.52272701263428
44 52.62633156776428
44 52.72997856140137
44 52.83335328102112
44 52.93841218948364
44 53.043155670166016
44 53.146241426467896
44 53.24930715560913
44 53.35400128364563
44 53.45892882347107
44 53.56120705604553
44 53.66465616226196
44 53.76833152770996
43 53.87268400192261
43 53.97654914855957
43 54.08028221130371
43 54.184035539627075
42 54.28894114494324
42 54.39366841316223
42 54.496901750564575
42 54.60039830207825
41 54.704590797424316
41 54.807761430740356
41 54.91079521179199
40 55.014766454696655
40 55.11806535720825
40 55.222684383392334
40 55.326462268829346
40 55.43089318275452
40 55.5350239276886
40 55.63944053649902
40 55.74341034889221
40 55.84699273109436
40 55.95081281661987
40 56.0569851398468
40 56.16077995300293
40 56.26419377326965
41 56.369579553604126
41 56.475149154663086
41 56.580832719802856
42 56.685046911239624
42 56.790607213974
42 56.89425802230835
42 56.997604846954346
43 57.10064077377319
43 57.205108880996704
43 57.30962586402893
43 57.412551164627075
44 57.51637315750122
44 57.62084603309631
44 57.72493290901184
44 57.83048462867737
44 57.93476843833923
44 58.03921365737915
44 58.14332818984985
44 58.24605059623718
44 58.35035562515259
44 58.45597958564758
44 58.56097388267517
44 58.66368746757507
44 58.76778507232666
44 58.871647119522095
44 58.976224422454834
44 59.081605195999146
44 59.18521213531494
43 59.290201902389526
43 59.394171714782715
43 59.4979932308197
43 59.602044105529785
42 59.70655107498169
42 59.81130313873291
42 59.91570162773132
41 60.019256353378296
41 60.12446737289429
41 60.22942328453064
41 60.3333945274353
40 60.43765592575073
40 60.54184174537659
40 60.646398305892944
40 60.74938774108887
40 60.8528356552124
40 60.95766735076904
40 61.06256461143494
40 61.1651713848114
40 61.26821231842041
40 61.37271976470947
40 61.4768648147583
41 61.58129620552063
41 61.684571266174316
41 61.78888130187988
41 61.894482374191284
42 61.99936532974243
42 62.10240149497986
42 62.205392837524414
42 62.309589862823486
43 62.41419315338135
43 62.51834988594055
43 62.62191820144653
43 62.727699756622314
43 62.83273959159851
44 62.93704652786255
44 63.04161357879639
44 63.14773368835449
44 63.25076675415039
44 63.35382628440857
44 63.457364320755005
44 63.561524629592896
44 63.66531038284302
44 63.768280029296875
44 63.872167348861694
43 63.976351737976074
43 64.08189821243286
43 64.18484735488892
43 64.29000496864319
43 64.39364385604858
42 64.49715161323547
42 64.6002197265625
42 64.7034432888031
41 64.80832576751709
41 64.91297650337219
41 65.01643824577332
41 65.11923789978027
41 65.22417569160461
40 65.3293228149414
40 65.43174600601196
40 65.53561663627625
40 65.63958311080933
40 65.74492502212524
40 65.84975576400757
40 65.95353150367737
40 66.05774188041687
40 66.16155529022217
40 66.26615810394287
40 66.36975002288818
40 66.47362971305847
41 66.57891821861267
41 66.6843204498291
41 66.78718280792236
42 66.89212369918823
42 66.99734926223755
42 67.09985446929932
42 67.20292782783508
42 67.30643510818481
43 67.41179299354553
43 67.51738357543945
43 67.62201738357544
43 67.72608590126038
43 67.83093428611755
44 67.93352746963501
44 68.03783106803894
44 68.14166808128357
44 68.24659156799316
44 68.35228276252747
44 68.45697236061096
44 68.56082844734192
44 68.66487216949463
44 68.76730442047119
44 68.87082958221436
44 68.97588038444519
44 69.0809977054596
44 69.18377041816711
44 69.28736901283264
44 69.39215779304504
43 69.49645972251892
43 69.60170388221741
43 69.70484662055969
43 69.80854988098145
42 69.91174411773682
42 70.01598048210144
42 70.1192889213562
42 70.22315430641174
41 70.32743620872498
41 70.4315595626831
41 70.53462862968445
41 70.63781380653381
41 70.74280881881714
40 70.84719228744507
40 70.95068311691284
40 71.0556333065033
40 71.16037964820862
40 71.26555943489075
41 71.36857223510742
41 71.47183394432068
41 71.57590293884277
41 71.67949509620667
41 71.78267478942871
41 71.88627552986145
41 71.99094939231873
41 72.09596395492554
42 72.20028471946716
42 72.30478024482727
42 72.40809679031372
42 72.51297068595886
43 72.61706280708313
43 72.72146844863892
43 72.82642912864685
43 72.93162226676941
43 73.03417682647705
44 73.13789534568787
44 73.2426245212555
44 73.34697198867798
44 73.45186853408813
44 73.55657291412354
44 73.66031169891357
45 73.76368832588196
45 73.86899733543396
45 73.97212290763855
45 74.07736659049988
45 74.18186640739441
45 74.28542041778564
45 74.38953757286072
45 74.49409532546997
45 74.59773683547974
45 74.70295405387878
44 74.80653691291809
44 74.91162347793579
44 75.01636362075806
44 75.1185712814331
44 75.2223539352417
43 75.3264970779419
43 75.4305591583252
43 75.53478932380676
42 75.6378378868103
42 75.74150514602661
42 75.84584975242615
42 75.94879913330078
41 76.05200290679932
41 76.15548372268677
41 76.25915217399597
41 76.36270451545715
41 76.46677899360657
41 76.57019376754761
41 76.6742639541626
41 76.77785515785217
41 76.8825294971466
41 76.98623561859131
41 77.09184408187866
41 77.19547915458679
41 77.2999632358551
41 77.40317177772522
42 77.5065987110138
42 77.61038947105408
42 77.71412634849548
42 77.81773281097412
43 77.92194318771362
43 78.02638459205627
43 78.130606174469
43 78.23358654975891
43 78.33760190010071
44 78.44175815582275
44 78.54530072212219
44 78.64866852760315
44 78.75229167938232
44 78.85612750053406
44 78.96214032173157
44 79.06611728668213
45 79.17015624046326
44 79.27382898330688
44 79.3771653175354
44 79.48106360435486
44 79.58450102806091
44 79.68866872787476
44 79.7929105758667
44 79.89795899391174
44 80.00104093551636
43 80.10445356369019
43 80.20831203460693
43 80.31254863739014
43 80.4169397354126
43 80.52102637290955
42 80.62600374221802
42 80.73166036605835
42 80.83453392982483
41 80.93999290466309
41 81.04509401321411
41 81.15003108978271
41 81.25381636619568
41 81.35817790031433
41 81.46251368522644
41 81.56655669212341
41 81.66964840888977
41 81.7727460861206
41 81.8765640258789
42 81.98242616653442
42 82.08589315414429
42 82.18927550315857
42 82.29298734664917
42 82.39764356613159
43 82.50135159492493
43 82.60485219955444
43 82.70888042449951
43 82.81427049636841
43 82.91830325126648
44 83.02304983139038
44 83.12678217887878
44 83.23018193244934
44 83.33430075645447
44 83.43835139274597
44 83.54341888427734
44 83.6476697921753
44 83.75092887878418
44 83.85488247871399
44 83.95832014083862
44 84.06216764450073
44 84.16708278656006
44 84.27017498016357
44 84.37379264831543
44 84.47776412963867
44 84.58178949356079
44 84.68536305427551
44 84.78929781913757
44 84.89385747909546
44 84.99911594390869
43 85.10352039337158
43 85.20768523216248
43 85.31185936927795
43 85.41691470146179
42 85.52001905441284
42 85.62610983848572
42 85.7309160232544
42 85.83612442016602
42 85.9402129650116
41 86.0436806678772
41 86.14727735519409
41 86.2516074180603
41 86.35450601577759
41 86.45938849449158
41 86.5627691745758
40 86.66772079467773
40 86.77133464813232
41 86.87536549568176
41 86.97986125946045
41 87.08368110656738
41 87.18726539611816
41 87.29110431671143
41 87.39624452590942
41 87.50119662284851
41 87.60468077659607
41 87.70873165130615
42 87.81277179718018
42 87.91704177856445
42 88.02035164833069
42 88.12368607521057
43 88.22811913490295
43 88.33295226097107
43 88.43616318702698
43 88.54024815559387
44 88.64389157295227
44 88.74785470962524
44 88.85194659233093
44 88.95533466339111
44 89.05882287025452
44 89.16298723220825
44 89.26696944236755
45 89.3702073097229
45 89.47486352920532
45 89.57839488983154
45 89.68164992332458
44 89.7860152721405
44 89.8903181552887
44 89.9937949180603
44 90.09794735908508
44 90.20129704475403
44 90.30541253089905
44 90.40885472297668
44 90.5130250453949
43 90.61625742912292
43 90.72062849998474
43 90.82471370697021
42 90.92838382720947
42 91.03172826766968
42 91.1353018283844
42 91.23952388763428
41 91.34396171569824
41 91.44875502586365
41 91.55255556106567
41 91.65634965896606
40 91.76034235954285
40 91.86584234237671
40 91.96932077407837
40 92.07298851013184
40 92.17770433425903
40 92.28224444389343
41 92.38592600822449
41 92.49117183685303
41 92.59570908546448
41 92.69911599159241
41 92.80253767967224
41 92.90611243247986
42 93.0103132724762
42 93.11495089530945
42 93.21840572357178
42 93.32240033149719
43 93.42804002761841
43 93.5315158367157
43 93.63487339019775
43 93.73880314826965
44 93.84291982650757
44 93.94701623916626
44 94.05090403556824
44 94.15413069725037
44 94.25772523880005
44 94.36178374290466
44 94.46652293205261
44 94.57102823257446
44 94.67745161056519
44 94.78232431411743
44 94.88596940040588
44 94.9898157119751
44 95.09521102905273
44 95.19967651367188
44 95.30283808708191
44 95.40647292137146
44 95.51135468482971
43 95.61530351638794
43 95.71836280822754
43 95.8218605518341
43 95.92517518997192
43 96.0298752784729
43 96.13249397277832
42 96.23642015457153
42 96.34087419509888
42 96.44439625740051
42 96.54916000366211
41 96.6523449420929
41 96.75590586662292
41 96.85924625396729
41 96.96297669410706
41 97.06607508659363
40 97.16927075386047
40 97.27321124076843
40 97.37716484069824
40 97.48174691200256
40 97.58498454093933
40 97.6892557144165
41 97.7934091091156
41 97.89790725708008
41 98.00184392929077
41 98.10509967803955
42 98.20903038978577
42 98.3123049736023
42 98.41631770133972
42 98.5197286605835
43 98.62363958358765
43 98.72700142860413
43 98.83079171180725
43 98.93502855300903
44 99.0388331413269
44 99.14394164085388
44 99.24756956100464
44 99.35069179534912
44 99.4538345336914
44 99.5584626197815
44 99.6622908115387
44 99.76568841934204
44 99.86900162696838
44 99.97348999977112
44 100.07872724533081
44 100.18244099617004
44 100.28571128845215
44 100.38946008682251
44 100.49327039718628
44 100.59690380096436
44 100.7004041671753
44 100.80543780326843
44 100.90979623794556
44 101.0133159160614
44 101.11617708206177
43 101.21950602531433
43 101.32349419593811
43 101.4259626865387
42 101.52906584739685
42 101.63292574882507
42 101.73743557929993
41 101.84119296073914
41 101.94549179077148
41 102.04903411865234
41 102.1530990600586
41 102.2565176486969
41 102.36007809638977
41 102.46312737464905
41 102.56674575805664
41 102.67139410972595
41 102.77405786514282
41 102.87704753875732
41 102.98085427284241
41 103.08389568328857
41 103.18776035308838
41 103.29181122779846
42 103.39679002761841
42 103.50051712989807
42 103.60501098632812
43 103.7078046798706
43 103.81124877929688
43 103.91589498519897
44 104.0194160938263
44 104.12334084510803
44 104.227215051651
44 104.33206415176392
44 104.43559217453003
44 104.53833985328674
44 104.64190077781677
44 104.74557757377625
44 104.84976887702942
44 104.95373463630676
44 105.05852365493774
44 105.16209888458252
44 105.26573753356934
44 105.36952114105225
44 105.4732608795166
44 105.57688522338867
44 105.6800045967102
44 105.78357601165771
43 105.88659930229187
43 105.99064445495605
43 106.09543681144714
42 106.19881629943848
42 106.30111002922058
42 106.40405702590942
42 106.50784611701965
41 106.61134576797485
41 106.71621346473694
41 106.81978154182434
41 106.92276048660278
41 107.0280499458313
41 107.1315770149231
41 107.23509907722473
41 107.33838772773743
41 107.4427740573883
41 107.54708290100098
41 107.65000605583191
41 107.75392985343933
41 107.85793805122375
42 107.96172547340393
42 108.0667929649353
42 108.16980147361755
42 108.27335739135742
43 108.3777265548706
43 108.48140096664429
43 108.5845673084259
43 108.68768692016602
44 108.79207229614258
44 108.8966429233551
44 109.00045680999756
44 109.10355114936829
44 109.20800995826721
44 109.31265187263489
44 109.41616010665894
44 109.51979279518127
44 109.6236355304718
44 109.72859621047974
44 109.83117341995239
44 109.93391823768616
44 110.03744769096375
44 110.14128851890564
44 110.24642324447632
44 110.35053157806396
44 110.4539783000946
44 110.55732107162476
44 110.66158938407898
44 110.76516461372375
43 110.86907887458801
43 110.97365593910217
43 111.07899594306946
43 111.18212699890137
42 111.28521919250488
42 111.38901853561401
42 111.49444365501404
41 111.59801387786865
41 111.70209908485413
41 111.80608296394348
41 111.91110229492188
41 112.01431894302368
41 112.11786985397339
41 112.22208285331726
40 112.32824468612671
40 112.43159866333008
40 112.53549075126648
41 112.64026761054993
41 112.74508810043335
41 112.8482186794281
41 112.95181894302368
41 113.05650734901428
41 113.16149568557739
42 113.26464247703552
42 113.3678469657898
42 113.47255873680115
42 113.57759380340576
43 113.6799213886261
43 113.78321743011475
43 113.88753604888916
44 113.99290561676025
44 114.09890627861023
44 114.2024393081665
44 114.3063611984253
44 114.41111040115356
44 114.51546168327332
44 114.61895036697388
44 114.72374176979065
44 114.8277235031128
44 114.93286490440369
44 115.0358054637909
44 115.13967370986938
44 115.24398112297058
44 115.34904599189758
44 115.45315098762512
44 115.55678820610046
44 115.6610119342804
43 115.76487135887146
43 115.8683009147644
43 115.97139763832092
43 116.0750720500946
42 116.17874598503113
42 116.28154230117798
42 116.38432025909424
42 116.48798894882202
41 116.59225702285767
41 116.69572949409485
41 116.79901719093323
41 116.90391516685486
41 117.00949239730835
41 117.1155846118927
41 117.219966173172
41 117.32465481758118
41 117.4303891658783
41 117.53370475769043
41 117.63755774497986
41 117.7400541305542
41 117.84515118598938
42 117.94837236404419
42 118.05265641212463
42 118.15723967552185
42 118.26137804985046
43 118.3658676147461
43 118.46945190429688
43 118.57362389564514
43 118.67795205116272
44 118.78033995628357
44 118.8833498954773
44 118.9871654510498
44 119.0900330543518
44 119.19501304626465
44 119.2983238697052
44 119.40190577507019
44 119.50565266609192
44 119.60977935791016
44 119.7125563621521
44 119.81673789024353
44 119.92144250869751
44 120.02695369720459
