16 0.1
18 0.2
18 0.3
19 0.4
18 0.5
19 0.6
18 0.7
18 0.8
19 0.9
19 1.0
19 1.1
20 1.2
21 1.3
20 1.4
20 1.5
20 1.6
20 1.7
20 1.8
20 1.9
20 2.0
20 2.1
20 2.2
20 2.3
20 2.4
20 2.5
20 2.6
20 2.7
20 2.8
20 2.9
21 3.0
21 3.1
22 3.2
22 3.3
22 3.4
23 3.5
24 3.6
24 3.7
24 3.8
24 3.9
24 4.0
24 4.1
25 4.2
26 4.3
27 4.4
25 4.5
25 4.6
23 4.7
22 4.8
21 4.9
21 5.0
21 5.1
21 5.2
21 5.3
21 5.4
21 5.5
21 5.6
21 5.7
21 5.8
21 5.9
21 6.0
21 6.1
21 6.2
22 6.3
22 6.4
23 6.5
23 6.6
24 6.7
25 6.8
25 6.9
26 7.0
26 7.1
27 7.2
27 7.3
27 7.4
26 7.5
27 7.6
26 7.7
25 7.8
25 7.9
24 8.0
23 8.1
22 8.2
22 8.3
21 8.4
21 8.5
20 8.6
20 8.7
20 8.8
21 8.9
21 9.0
21 9.1
21 9.2
21 9.3
21 9.4
21 9.5
21 9.6
21 9.7
21 9.8
21 9.9
21 10.0
21 10.1
20 10.2
20 10.3
20 10.4
20 10.5
21 10.6
22 10.7
22 10.8
23 10.9
25 11.0
25 11.1
25 11.2
26 11.3
26 11.4
26 11.5
26 11.6
26 11.7
26 11.8
25 11.9
25 12.0
25 12.1
24 12.2
23 12.3
22 12.4
21 12.5
21 12.6
21 12.7
21 12.8
20 12.9
20 13.0
20 13.1
20 13.2
21 13.3
21 13.4
21 13.5
21 13.6
21 13.7
21 13.8
21 13.9
21 14.0
20 14.1
20 14.2
20 14.3
20 14.4
20 14.5
20 14.6
21 14.7
22 14.8
23 14.9
23 15.0
23 15.1
25 15.2
25 15.3
25 15.4
25 15.5
25 15.6
25 15.7
25 15.8
24 15.9
25 16.0
24 16.1
23 16.2
23 16.3
22 16.4
21 16.5
20 16.6
20 16.7
20 16.8
20 16.9
20 17.0
20 17.1
21 17.2
21 17.3
21 17.4
20 17.5
21 17.6
21 17.7
21 17.8
21 17.9
21 18.0
21 18.1
21 18.2
20 18.3
20 18.4
20 18.5
20 18.6
20 18.7
21 18.8
22 18.9
22 19.0
23 19.1
23 19.2
24 19.3
25 19.4
25 19.5
25 19.6
25 19.7
24 19.8
25 19.9
24 20.0
24 20.1
23 20.2
22 20.3
21 20.4
20 20.5
21 20.6
20 20.7
20 20.8
21 20.9
20 21.0
21 21.1
21 21.2
21 21.3
21 21.4
21 21.5
21 21.6
21 21.7
21 21.8
21 21.9
21 22.0
21 22.1
21 22.2
21 22.3
21 22.4
21 22.5
20 22.6
20 22.7
20 22.8
20 22.9
20 23.0
20 23.1
21 23.2
21 23.3
22 23.4
22 23.5
23 23.6
23 23.7
24 23.8
24 23.9
24 24.0
25 24.1
25 24.2
25 24.3
25 24.4
26 24.5
25 24.6
25 24.7
25 24.8
24 24.9
23 25.0
23 25.1
22 25.2
21 25.3
21 25.4
21 25.5
20 25.6
20 25.7
20 25.8
20 25.9
20 26.0
20 26.1
20 26.2
20 26.3
20 26.4
20 26.5
20 26.6
20 26.7
20 26.8
20 26.9
20 27.0
20 27.1
20 27.2
20 27.3
20 27.4
20 27.5
20 27.6
20 27.7
20 27.8
20 27.9
21 28.0
22 28.1
22 28.2
23 28.3
23 28.4
24 28.5
25 28.6
25 28.7
25 28.8
25 28.9
25 29.0
25 29.1
25 29.2
24 29.3
24 29.4
23 29.5
22 29.6
22 29.7
21 29.8
20 29.9
20 30.0
20 30.1
20 30.2
20 30.3
20 30.4
20 30.5
20 30.6
20 30.7
20 30.8
20 30.9
20 31.0
20 31.1
20 31.2
20 31.3
20 31.4
20 31.5
20 31.6
20 31.7
21 31.8
20 31.9
20 32.0
20 32.1
20 32.2
20 32.3
20 32.4
20 32.5
20 32.6
21 32.7
22 32.8
23 32.9
24 33.0
25 33.1
25 33.2
26 33.3
26 33.4
27 33.5
27 33.6
27 33.7
27 33.8
27 33.9
27 34.0
26 34.1
25 34.2
24 34.3
23 34.4
22 34.5
21 34.6
20 34.7
20 34.8
20 34.9
19 35.0
19 35.1
19 35.2
20 35.3
20 35.4
20 35.5
20 35.6
19 35.7
20 35.8
19 35.9
20 36.0
19 36.1
20 36.2
19 36.3
19 36.4
19 36.5
19 36.6
19 36.7
19 36.8
19 36.9
19 37.0
19 37.1
20 37.2
21 37.3
21 37.4
23 37.5
24 37.6
25 37.7
25 37.8
26 37.9
26 38.0
26 38.1
25 38.2
26 38.3
26 38.4
25 38.5
24 38.6
23 38.7
22 38.8
22 38.9
21 39.0
20 39.1
19 39.2
20 39.3
20 39.4
20 39.5
19 39.6
19 39.7
20 39.8
20 39.9
20 40.0
20 40.1
20 40.2
20 40.3
20 40.4
20 40.5
20 40.6
20 40.7
20 40.8
20 40.9
20 41.0
20 41.1
20 41.2
20 41.3
20 41.4
21 41.5
22 41.6
23 41.7
24 41.8
25 41.9
25 42.0
26 42.1
26 42.2
26 42.3
26 42.4
25 42.5
25 42.6
25 42.7
24 42.8
23 42.9
22 43.0
21 43.1
20 43.2
20 43.3
20 43.4
20 43.5
20 43.6
20 43.7
20 43.8
20 43.9
19 44.0
20 44.1
20 44.2
19 44.3
20 44.4
20 44.5
20 44.6
20 44.7
20 44.8
20 44.9
20 45.0
20 45.1
20 45.2
20 45.3
19 45.4
19 45.5
21 45.6
22 45.7
23 45.8
24 45.9
25 46.0
25 46.1
26 46.2
26 46.3
25 46.4
26 46.5
26 46.6
26 46.7
25 46.8
25 46.9
23 47.0
22 47.1
22 47.2
21 47.3
20 47.4
20 47.5
20 47.6
20 47.7
20 47.8
20 47.9
20 48.0
20 48.1
20 48.2
20 48.3
20 48.4
20 48.5
20 48.6
20 48.7
20 48.8
20 48.9
20 49.0
20 49.1
20 49.2
20 49.3
20 49.4
20 49.5
20 49.6
20 49.7
20 49.8
20 49.9
20 50.0
20 50.1
21 50.2
21 50.3
22 50.4
23 50.5
24 50.6
24 50.7
25 50.8
24 50.9
25 51.0
25 51.1
25 51.2
25 51.3
25 51.4
25 51.5
24 51.6
24 51.7
23 51.8
22 51.9
21 52.0
21 52.1
21 52.2
20 52.3
20 52.4
20 52.5
19 52.6
20 52.7
20 52.8
20 52.9
19 53.0
20 53.1
19 53.2
20 53.3
19 53.4
20 53.5
19 53.6
20 53.7
20 53.8
20 53.9
20 54.0
20 54.1
19 54.2
19 54.3
19 54.4
19 54.5
19 54.6
19 54.7
19 54.8
19 54.9
20 55.0
20 55.1
20 55.2
20 55.3
22 55.4
23 55.5
23 55.6
24 55.7
25 55.8
26 55.9
26 56.0
27 56.1
27 56.2
27 56.3
27 56.4
27 56.5
26 56.6
26 56.7
26 56.8
25 56.9
24 57.0
23 57.1
22 57.2
21 57.3
21 57.4
20 57.5
20 57.6
20 57.7
20 57.8
20 57.9
20 58.0
19 58.1
19 58.2
19 58.3
20 58.4
20 58.5
19 58.6
20 58.7
20 58.8
19 58.9
19 59.0
20 59.1
19 59.2
20 59.3
20 59.4
20 59.5
20 59.6
20 59.7
20 59.8
21 59.9
22 60.0
23 60.1
23 60.2
25 60.3
25 60.4
26 60.5
26 60.6
27 60.7
27 60.8
27 60.9
27 61.0
27 61.1
27 61.2
26 61.3
26 61.4
25 61.5
25 61.6
24 61.7
23 61.8
22 61.9
22 62.0
21 62.1
20 62.2
20 62.3
20 62.4
20 62.5
20 62.6
19 62.7
19 62.8
19 62.9
19 63.0
19 63.1
19 63.2
19 63.3
19 63.4
19 63.5
19 63.6
19 63.7
19 63.8
19 63.9
19 64.0
19 64.1
19 64.2
19 64.3
20 64.4
20 64.5
21 64.6
22 64.7
23 64.8
24 64.9
25 65.0
25 65.1
26 65.2
26 65.3
26 65.4
26 65.5
26 65.6
26 65.7
25 65.8
25 65.9
25 66.0
25 66.1
23 66.2
22 66.3
22 66.4
21 66.5
20 66.6
20 66.7
20 66.8
19 66.9
19 67.0
19 67.1
19 67.2
19 67.3
19 67.4
19 67.5
19 67.6
19 67.7
19 67.8
19 67.9
19 68.0
19 68.1
19 68.2
19 68.3
19 68.4
19 68.5
19 68.6
20 68.7
19 68.8
20 68.9
19 69.0
19 69.1
20 69.2
20 69.3
22 69.4
22 69.5
23 69.6
24 69.7
25 69.8
26 69.9
27 70.0
27 70.1
26 70.2
26 70.3
26 70.4
26 70.5
25 70.6
25 70.7
24 70.8
23 70.9
22 71.0
21 71.1
21 71.2
21 71.3
20 71.4
20 71.5
19 71.6
19 71.7
19 71.8
19 71.9
19 72.0
19 72.1
19 72.2
19 72.3
19 72.4
19 72.5
19 72.6
19 72.7
19 72.8
19 72.9
19 73.0
19 73.1
19 73.2
19 73.3
19 73.4
19 73.5
20 73.6
20 73.7
20 73.8
20 73.9
22 74.0
22 74.1
23 74.2
24 74.3
25 74.4
25 74.5
26 74.6
26 74.7
26 74.8
26 74.9
25 75.0
25 75.1
25 75.2
25 75.3
24 75.4
24 75.5
22 75.6
22 75.7
22 75.8
21 75.9
20 76.0
20 76.1
19 76.2
20 76.3
19 76.4
19 76.5
19 76.6
19 76.7
19 76.8
19 76.9
19 77.0
19 77.1
19 77.2
19 77.3
19 77.4
19 77.5
19 77.6
19 77.7
19 77.8
19 77.9
19 78.0
19 78.1
19 78.2
19 78.3
19 78.4
19 78.5
19 78.6
20 78.7
20 78.8
20 78.9
20 79.0
21 79.1
22 79.2
23 79.3
23 79.4
25 79.5
25 79.6
25 79.7
25 79.8
26 79.9
26 80.0
26 80.1
26 80.2
25 80.3
26 80.4
25 80.5
25 80.6
24 80.7
23 80.8
22 80.9
21 81.0
21 81.1
20 81.2
20 81.3
19 81.4
19 81.5
19 81.6
19 81.7
19 81.8
19 81.9
19 82.0
19 82.1
19 82.2
18 82.3
19 82.4
19 82.5
19 82.6
19 82.7
19 82.8
19 82.9
18 83.0
19 83.1
18 83.2
19 83.3
19 83.4
19 83.5
20 83.6
21 83.7
22 83.8
23 83.9
24 84.0
25 84.1
26 84.2
26 84.3
27 84.4
27 84.5
27 84.6
27 84.7
27 84.8
27 84.9
27 85.0
27 85.1
26 85.2
26 85.3
25 85.4
24 85.5
24 85.6
23 85.7
22 85.8
21 85.9
20 86.0
20 86.1
20 86.2
20 86.3
19 86.4
19 86.5
19 86.6
18 86.7
19 86.8
19 86.9
19 87.0
19 87.1
19 87.2
18 87.3
19 87.4
19 87.5
19 87.6
19 87.7
19 87.8
19 87.9
20 88.0
21 88.1
21 88.2
22 88.3
22 88.4
24 88.5
24 88.6
25 88.7
26 88.8
27 88.9
27 89.0
26 89.1
26 89.2
26 89.3
26 89.4
26 89.5
26 89.6
26 89.7
25 89.8
25 89.9
24 90.0
23 90.1
22 90.2
22 90.3
21 90.4
20 90.5
20 90.6
20 90.7
19 90.8
19 90.9
19 91.0
19 91.1
19 91.2
19 91.3
19 91.4
18 91.5
19 91.6
19 91.7
19 91.8
19 91.9
19 92.0
19 92.1
20 92.2
20 92.3
21 92.4
23 92.5
24 92.6
25 92.7
25 92.8
26 92.9
27 93.0
27 93.1
27 93.2
27 93.3
27 93.4
27 93.5
27 93.6
26 93.7
26 93.8
25 93.9
25 94.0
24 94.1
23 94.2
23 94.3
21 94.4
21 94.5
20 94.6
19 94.7
19 94.8
19 94.9
19 95.0
19 95.1
19 95.2
18 95.3
19 95.4
18 95.5
19 95.6
19 95.7
19 95.8
18 95.9
19 96.0
19 96.1
19 96.2
19 96.3
19 96.4
19 96.5
19 96.6
20 96.7
21 96.8
22 96.9
23 97.0
24 97.1
24 97.2
25 97.3
26 97.4
26 97.5
27 97.6
27 97.7
26 97.8
27 97.9
26 98.0
26 98.1
26 98.2
26 98.3
25 98.4
25 98.5
25 98.6
24 98.7
24 98.8
24 98.9
22 99.0
22 99.1
21 99.2
20 99.3
20 99.4
19 99.5
19 99.6
19 99.7
19 99.8
19 99.9
19 100.0
19 100.1
18 100.2
18 100.3
18 100.4
19 100.5
19 100.6
19 100.7
19 100.8
18 100.9
19 101.0
18 101.1
19 101.2
19 101.3
18 101.4
19 101.5
19 101.6
20 101.7
21 101.8
22 101.9
23 102.0
24 102.1
24 102.2
26 102.3
26 102.4
26 102.5
27 102.6
27 102.7
27 102.8
26 102.9
26 103.0
25 103.1
25 103.2
25 103.3
24 103.4
24 103.5
22 103.6
22 103.7
21 103.8
20 103.9
20 104.0
20 104.1
19 104.2
19 104.3
19 104.4
19 104.5
19 104.6
18 104.7
18 104.8
18 104.9
19 105.0
19 105.1
18 105.2
18 105.3
19 105.4
18 105.5
18 105.6
19 105.7
18 105.8
19 105.9
19 106.0
20 106.1
21 106.2
22 106.3
23 106.4
24 106.5
26 106.6
26 106.7
27 106.8
26 106.9
27 107.0
27 107.1
26 107.2
26 107.3
26 107.4
26 107.5
26 107.6
25 107.7
25 107.8
24 107.9
23 108.0
22 108.1
22 108.2
21 108.3
20 108.4
19 108.5
19 108.6
19 108.7
18 108.8
18 108.9
18 109.0
18 109.1
18 109.2
18 109.3
18 109.4
18 109.5
18 109.6
18 109.7
18 109.8
18 109.9
18 110.0
18 110.1
18 110.2
18 110.3
19 110.4
19 110.5
19 110.6
20 110.7
21 110.8
22 110.9
22 111.0
24 111.1
24 111.2
26 111.3
27 111.4
27 111.5
28 111.6
28 111.7
29 111.8
29 111.9
29 112.0
28 112.1
28 112.2
28 112.3
27 112.4
26 112.5
26 112.6
25 112.7
24 112.8
23 112.9
22 113.0
20 113.1
20 113.2
19 113.3
19 113.4
19 113.5
18 113.6
18 113.7
18 113.8
18 113.9
18 114.0
18 114.1
18 114.2
18 114.3
18 114.4
18 114.5
18 114.6
18 114.7
18 114.8
18 114.9
18 115.0
18 115.1
18 115.2
18 115.3
18 115.4
19 115.5
18 115.6
18 115.7
18 115.8
19 115.9
19 116.0
19 116.1
21 116.2
22 116.3
23 116.4
24 116.5
24 116.6
25 116.7
26 116.8
26 116.9
26 117.0
25 117.1
25 117.2
25 117.3
24 117.4
24 117.5
23 117.6
22 117.7
21 117.8
21 117.9
20 118.0
19 118.1
19 118.2
19 118.3
18 118.4
19 118.5
18 118.6
18 118.7
18 118.8
18 118.9
18 119.0
18 119.1
18 119.2
18 119.3
18 119.4
18 119.5
18 119.6
18 119.7
18 119.8
18 119.9
18 120.0
