18 1.1920928955078125e-06
19 0.653594970703125
20 0.7577345371246338
20 0.8601446151733398
20 0.9620208740234375
20 1.064464807510376
20 1.1672320365905762
20 1.2693171501159668
21 1.3717517852783203
21 1.4751293659210205
20 1.5786316394805908
20 1.680842638015747
20 1.783235788345337
20 1.8855466842651367
20 1.9878957271575928
19 2.0906307697296143
19 2.1929309368133545
19 2.295100212097168
19 2.3974545001983643
19 2.4998114109039307
19 2.6022868156433105
19 2.7047722339630127
19 2.8075132369995117
19 2.9102184772491455
19 3.012256145477295
19 3.1150400638580322
19 3.2176284790039062
19 3.3203697204589844
19 3.4231021404266357
20 3.5254428386688232
20 3.6275510787963867
20 3.7298176288604736
20 3.832106828689575
20 3.9343106746673584
20 4.036626815795898
20 4.138869285583496
21 4.241271018981934
21 4.343501806259155
21 4.445947170257568
21 4.548288583755493
21 4.650655269622803
21 4.753415107727051
21 4.8559019565582275
20 4.958190202713013
20 5.060539245605469
20 5.162842512130737
20 5.265197038650513
20 5.367499113082886
20 5.469984769821167
19 5.5722784996032715
19 5.674558401107788
19 5.776870250701904
19 5.879255056381226
19 5.981689453125
19 6.084059238433838
19 6.186446666717529
19 6.289050340652466
19 6.391542434692383
20 6.493976593017578
20 6.596341848373413
20 6.698714733123779
20 6.80083155632019
20 6.903234958648682
21 7.005507469177246
21 7.107760906219482
21 7.210164785385132
21 7.312559127807617
21 7.415083169937134
21 7.517420053482056
21 7.620065450668335
21 7.722569227218628
21 7.825201511383057
20 7.928176164627075
20 8.03086543083191
20 8.133353233337402
20 8.23549222946167
20 8.3378164768219
19 8.440479755401611
19 8.543179750442505
19 8.64546012878418
19 8.747590780258179
19 8.850268363952637
19 8.953008890151978
19 9.055198192596436
19 9.157350778579712
19 9.260035276412964
19 9.362482070922852
20 9.464844942092896
20 9.567482948303223
20 9.669981956481934
20 9.772588968276978
20 9.874847888946533
20 9.977036714553833
21 10.079429626464844
21 10.18180251121521
21 10.28407907485962
21 10.386565208435059
21 10.488579273223877
21 10.590940952301025
21 10.693280935287476
21 10.795393943786621
20 10.897714376449585
20 11.00008249282837
20 11.102541446685791
20 11.20479965209961
20 11.30726671218872
20 11.409159183502197
19 11.51111888885498
19 11.613285303115845
19 11.716027021408081
19 11.81808066368103
19 11.920435190200806
19 12.02327299118042
19 12.125352144241333
19 12.227668523788452
19 12.329985857009888
20 12.432181596755981
20 12.534364938735962
20 12.636477947235107
20 12.738664388656616
20 12.841048240661621
21 12.943376779556274
21 13.04579472541809
21 13.148077487945557
21 13.250349283218384
21 13.352775812149048
21 13.455037832260132
21 13.55759572982788
21 13.660092830657959
21 13.762308120727539
21 13.864573240280151
20 13.966872692108154
20 14.069395303726196
20 14.171784400939941
20 14.274049282073975
20 14.376426458358765
20 14.47877836227417
20 14.581324577331543
19 14.683748722076416
19 14.786067247390747
19 14.888545513153076
19 14.991466522216797
19 15.09430742263794
20 15.197836875915527
20 15.30153226852417
20 15.403865098953247
20 15.507301807403564
20 15.611930131912231
20 15.715393543243408
21 15.819263696670532
21 15.92295789718628
21 16.02626085281372
21 16.132827758789062
21 16.23619270324707
21 16.339348793029785
21 16.44401264190674
21 16.547887563705444
21 16.652737379074097
21 16.75554585456848
21 16.85896062850952
20 16.963613271713257
20 17.06836700439453
20 17.171918392181396
20 17.27550482749939
20 17.37947726249695
19 17.483860731124878
19 17.58721160888672
19 17.690664529800415
19 17.79479217529297
19 17.899168252944946
19 18.003209352493286
19 18.106186866760254
19 18.210036277770996
19 18.31313729286194
19 18.417144775390625
19 18.520548343658447
19 18.624553203582764
19 18.728172779083252
20 18.83214497566223
20 18.934773921966553
20 19.038599967956543
21 19.141933917999268
21 19.246111631393433
21 19.349340677261353
21 19.452693462371826
21 19.557514190673828
21 19.661693572998047
21 19.766182899475098
21 19.869291305541992
21 19.972869157791138
21 20.076640129089355
21 20.180307865142822
21 20.28408718109131
21 20.387704849243164
20 20.49165654182434
20 20.598156213760376
20 20.701115608215332
20 20.804327964782715
20 20.908483743667603
19 21.01261329650879
19 21.117162704467773
19 21.220699071884155
19 21.325032949447632
19 21.429563522338867
19 21.53200054168701
19 21.63617992401123
19 21.739847660064697
19 21.844794034957886
19 21.94731116294861
19 22.050429344177246
19 22.154095888137817
20 22.25874638557434
20 22.36285376548767
20 22.46593165397644
20 22.56958293914795
20 22.673433303833008
20 22.778504848480225
20 22.882132053375244
20 22.98564863204956
20 23.09088158607483
20 23.195323705673218
20 23.298011779785156
20 23.401609420776367
20 23.505485773086548
20 23.609684705734253
20 23.71347451210022
20 23.817123889923096
19 23.92078137397766
19 24.024418115615845
19 24.128319025039673
19 24.231316089630127
19 24.33458423614502
19 24.439268112182617
19 24.543071508407593
19 24.646240234375
19 24.749934673309326
19 24.855233907699585
19 24.96038246154785
19 25.064741134643555
19 25.168609857559204
20 25.273525953292847
20 25.37662959098816
20 25.479745864868164
20 25.58296227455139
21 25.68741726875305
21 25.79093647003174
21 25.894378900527954
21 25.997750759124756
21 26.101438283920288
21 26.205371856689453
21 26.310807704925537
21 26.413882970809937
20 26.51795506477356
20 26.62150740623474
20 26.725459814071655
20 26.829709768295288
20 26.933701753616333
19 27.037113904953003
19 27.141095399856567
19 27.24406123161316
19 27.348659992218018
19 27.451881408691406
19 27.556588411331177
19 27.659565448760986
19 27.763961791992188
19 27.86900305747986
19 27.973783254623413
19 28.076526880264282
19 28.17962384223938
20 28.2837176322937
20 28.388748168945312
20 28.493211030960083
20 28.597491979599
21 28.701727151870728
21 28.80578112602234
21 28.910812377929688
21 29.01386284828186
21 29.117487907409668
21 29.221806287765503
21 29.32569718360901
21 29.429980039596558
21 29.534140586853027
20 29.638051986694336
20 29.742042303085327
20 29.845826864242554
20 29.950811624526978
19 30.055323362350464
19 30.16135835647583
19 30.26488471031189
19 30.368802547454834
19 30.472776174545288
19 30.577879428863525
19 30.68097424507141
19 30.785350561141968
19 30.88904643058777
19 30.993257522583008
20 31.09679913520813
20 31.20046615600586
20 31.30490756034851
20 31.408787727355957
20 31.51262092590332
21 31.61612820625305
21 31.71974754333496
21 31.8234384059906
21 31.92644739151001
21 32.03145885467529
21 32.13466811180115
21 32.23848581314087
20 32.343733072280884
20 32.44804835319519
20 32.55296468734741
20 32.656490087509155
20 32.76085138320923
20 32.86358189582825
19 32.96719765663147
19 33.070608377456665
19 33.174148082733154
19 33.27763915061951
19 33.38128638267517
19 33.48647451400757
19 33.5909469127655
19 33.69487977027893
19 33.79956293106079
20 33.904035329818726
20 34.00913166999817
20 34.1128351688385
20 34.2169189453125
20 34.32072854042053
21 34.42605805397034
21 34.53070831298828
21 34.6344096660614
21 34.73871040344238
20 34.841989040374756
20 34.94565510749817
20 35.04999113082886
20 35.153724193573
19 35.25879716873169
19 35.362974405288696
19 35.46667122840881
19 35.57114100456238
19 35.67495775222778
18 35.7777783870697
18 35.88076972961426
18 35.984193086624146
18 36.08984875679016
18 36.19316029548645
19 36.29667139053345
19 36.40143585205078
19 36.50585985183716
19 36.610379219055176
20 36.71437859535217
20 36.81808614730835
20 36.92176842689514
20 37.02633213996887
20 37.12934947013855
20 37.2331166267395
20 37.33796048164368
20 37.44443345069885
20 37.54785346984863
20 37.651986837387085
19 37.75683546066284
19 37.86029505729675
19 37.96432137489319
19 38.067729234695435
19 38.17135810852051
18 38.27548694610596
18 38.37889003753662
18 38.482810497283936
18 38.58892011642456
18 38.69398593902588
18 38.79848337173462
18 38.90292310714722
18 39.007506370544434
19 39.11272048950195
19 39.216102838516235
19 39.32012462615967
20 39.42496156692505
20 39.530903816223145
20 39.636117458343506
20 39.73982763290405
20 39.84341812133789
21 39.94615602493286
21 40.05048060417175
21 40.154324531555176
21 40.25830078125
21 40.36333632469177
20 40.466458797454834
20 40.570704221725464
20 40.6749005317688
20 40.78017258644104
19 40.88348317146301
19 40.98839592933655
19 41.09349489212036
19 41.20091795921326
19 41.3046498298645
18 41.409448862075806
18 41.51328754425049
18 41.616111516952515
18 41.7197642326355
18 41.82545208930969
18 41.92909622192383
19 42.03218603134155
19 42.13524031639099
19 42.23953700065613
19 42.34304690361023
19 42.44837141036987
20 42.55262470245361
20 42.656697511672974
20 42.76075625419617
20 42.86466073989868
20 42.967803716659546
20 43.07149076461792
20 43.17573261260986
20 43.2801251411438
20 43.383153438568115
20 43.487130641937256
20 43.5904746055603
19 43.69405436515808
19 43.79687714576721
19 43.90057396888733
19 44.003745555877686
19 44.10772085189819
18 44.212889432907104
18 44.31626892089844
18 44.42061710357666
18 44.52376699447632
18 44.62830924987793
18 44.73304319381714
18 44.83770132064819
18 44.9417610168457
18 45.04692053794861
19 45.149659633636475
19 45.253721475601196
19 45.35767126083374
19 45.46247673034668
19 45.56687808036804
19 45.6706645488739
20 45.7751350402832
20 45.87809157371521
20 45.981258153915405
20 46.08504939079285
20 46.18892049789429
19 46.294376611709595
19 46.39769124984741
19 46.50099420547485
19 46.60469079017639
19 46.708088874816895
18 46.810563802719116
18 46.91370248794556
18 47.01728534698486
18 47.12097215652466
18 47.22491145133972
18 47.32852005958557
18 47.431957483291626
18 47.53632116317749
18 47.641541481018066
18 47.74457049369812
18 47.847378969192505
19 47.95069146156311
19 48.054234743118286
19 48.15877366065979
19 48.26198148727417
20 48.3652982711792
20 48.46916699409485
20 48.572896242141724
20 48.67716646194458
20 48.78118324279785
20 48.885000467300415
20 48.98904275894165
20 49.09244132041931
20 49.19620108604431
20 49.30027794837952
20 49.40329051017761
19 49.50713634490967
19 49.610485792160034
19 49.71433234214783
19 49.818359375
19 49.921324491500854
19 50.024202823638916
18 50.129202127456665
18 50.23455858230591
18 50.33863019943237
18 50.441821336746216
18 50.54551434516907
18 50.65068531036377
18 50.75506544113159
18 50.85824775695801
18 50.96239423751831
19 51.066567182540894
19 51.17026090621948
19 51.27340245246887
20 51.37692141532898
20 51.480491638183594
20 51.58411741256714
20 51.687872886657715
20 51.79096269607544
20 51.89461898803711
20 51.99828910827637
20 52.103344440460205
19 52.206432819366455
19 52.31060433387756
18 52.41429257392883
18 52.51956629753113
17 52.6234917640686
17 52.727904319763184
17 52.831175327301025
17 52.93614840507507
18 53.039002895355225
20 53.142627477645874
21 53.24664926528931
22 53.35181427001953
20 53.454734086990356
17 53.55815076828003
17 53.66221213340759
17 53.766095876693726
17 53.87057590484619
17 53.974525928497314
17 54.078808307647705
18 54.18275690078735
18 54.28664994239807
18 54.3900682926178
18 54.4950156211853
19 54.60020875930786
19 54.703327655792236
19 54.80677556991577
19 54.90995693206787
19 55.013678550720215
19 55.11778807640076
19 55.22096610069275
19 55.32387900352478
18 55.4271354675293
18 55.53087639808655
18 55.63390612602234
18 55.736889362335205
18 55.840583086013794
17 55.9445595741272
17 56.04931306838989
17 56.15209674835205
17 56.25619697570801
17 56.36079216003418
17 56.466545820236206
17 56.57118034362793
17 56.67427682876587
17 56.77759861946106
18 56.88170099258423
18 56.98466205596924
18 57.0887656211853
18 57.1920382976532
19 57.29603028297424
19 57.399056911468506
19 57.50214743614197
19 57.60768222808838
19 57.712895154953
19 57.81616973876953
20 57.920660734176636
20 58.0242919921875
20 58.128183126449585
19 58.230512380599976
19 58.33465647697449
19 58.43812561035156
19 58.54300808906555
19 58.64730954170227
19 58.75178551673889
18 58.855144739151
18 58.958181619644165
18 59.062756299972534
18 59.16692328453064
18 59.270748138427734
18 59.374542236328125
18 59.479023694992065
18 59.58283710479736
18 59.686777114868164
19 59.790541648864746
19 59.893738985061646
19 59.99735903739929
19 60.1013662815094
19 60.20483636856079
20 60.30889129638672
20 60.41359543800354
20 60.516433000564575
20 60.620057344436646
20 60.724830865859985
20 60.83008003234863
20 60.933138847351074
20 61.037153005599976
20 61.14081859588623
20 61.245102882385254
20 61.348517417907715
19 61.45204782485962
19 61.55581331253052
19 61.66006684303284
19 61.764352798461914
19 61.86886668205261
18 61.97204899787903
18 62.075138568878174
18 62.18001580238342
18 62.28449320793152
19 62.38879871368408
19 62.49361705780029
19 62.596959829330444
19 62.70117449760437
19 62.804821252822876
20 62.90847897529602
20 63.01203370094299
20 63.11600708961487
20 63.220463514328
20 63.325605392456055
20 63.43035316467285
20 63.533676862716675
20 63.63833212852478
20 63.742274045944214
20 63.847153186798096
20 63.951233863830566
20 64.05567193031311
19 64.15927624702454
19 64.26277041435242
19 64.3660101890564
19 64.47086501121521
19 64.57473611831665
19 64.67971062660217
19 64.78319096565247
19 64.8871898651123
18 64.99115133285522
19 65.09640526771545
19 65.19965648651123
19 65.30426025390625
19 65.40935158729553
19 65.51436734199524
19 65.61718559265137
20 65.72012042999268
20 65.8238697052002
20 65.92742705345154
20 66.03080940246582
20 66.133624792099
21 66.23706436157227
21 66.34151458740234
21 66.44389295578003
21 66.54727435112
21 66.6508355140686
21 66.75490760803223
21 66.85937190055847
20 66.96293020248413
20 67.06725120544434
20 67.17096877098083
20 67.27601313591003
20 67.37930822372437
20 67.48390698432922
20 67.58884263038635
19 67.69443416595459
19 67.7978196144104
20 67.9022011756897
20 68.00673747062683
20 68.11094117164612
20 68.21436905860901
20 68.31797242164612
20 68.42180347442627
20 68.52562880516052
20 68.62888097763062
20 68.73365616798401
20 68.83672976493835
21 68.94095134735107
21 69.044508934021
21 69.14845585823059
21 69.25324273109436
21 69.35831451416016
21 69.46151971817017
21 69.565514087677
21 69.6707456111908
21 69.774258852005
21 69.87695813179016
21 69.98114538192749
21 70.08586239814758
21 70.19001626968384
20 70.2942442893982
20 70.39741444587708
20 70.50057077407837
20 70.60399889945984
19 70.70765161514282
19 70.81098103523254
19 70.9143455028534
19 71.01805591583252
19 71.12206888198853
19 71.22672200202942
19 71.33070683479309
19 71.43409609794617
19 71.53875946998596
19 71.64145922660828
19 71.74440813064575
20 71.84818291664124
20 71.95263957977295
20 72.05644083023071
20 72.16013216972351
20 72.26373100280762
20 72.367502450943
20 72.4714515209198
20 72.57487511634827
20 72.67941856384277
20 72.78445959091187
20 72.88861989974976
20 72.9915702342987
20 73.09450650215149
20 73.19887137413025
20 73.30340123176575
20 73.40701651573181
20 73.51031231880188
20 73.61391425132751
19 73.71761274337769
19 73.82236742973328
19 73.92529726028442
19 74.02861261367798
19 74.13323259353638
19 74.23909854888916
19 74.34202361106873
19 74.44595074653625
19 74.5497179031372
19 74.6533555984497
19 74.75735354423523
20 74.86058568954468
20 74.96408867835999
20 75.0676760673523
20 75.17036056518555
20 75.27346777915955
20 75.37748432159424
20 75.48195886611938
20 75.5865261554718
20 75.69028186798096
20 75.7947084903717
20 75.89900040626526
20 76.0036826133728
20 76.10699844360352
20 76.210613489151
20 76.31458902359009
20 76.41853356361389
20 76.52275395393372
19 76.62700772285461
19 76.73089623451233
19 76.83657693862915
19 76.9397509098053
19 77.04356861114502
19 77.14736080169678
19 77.25228500366211
19 77.35573744773865
19 77.45892000198364
19 77.56322860717773
19 77.66669034957886
19 77.76943755149841
20 77.87315344810486
20 77.97628998756409
20 78.08047270774841
20 78.18484306335449
20 78.28832721710205
20 78.39306831359863
20 78.49759364128113
20 78.60292434692383
20 78.7058494091034
20 78.81093072891235
20 78.91432070732117
20 79.01771974563599
20 79.12102508544922
20 79.22468328475952
19 79.32889652252197
19 79.43350148200989
19 79.53684425354004
19 79.64041233062744
19 79.74481987953186
19 79.8495581150055
19 79.9528660774231
19 80.0563018321991
20 80.16059231758118
20 80.26542854309082
20 80.36811780929565
20 80.47154521942139
20 80.57518529891968
20 80.67980480194092
20 80.78516697883606
20 80.88860583305359
20 80.99192690849304
21 81.09605669975281
21 81.20130729675293
21 81.30497026443481
20 81.40982508659363
20 81.51401948928833
20 81.61911034584045
20 81.7226026058197
20 81.82678461074829
20 81.93102169036865
19 82.03493738174438
19 82.13830351829529
19 82.24256038665771
19 82.34727358818054
19 82.45175695419312
19 82.55560493469238
19 82.65975761413574
19 82.76521492004395
19 82.86900758743286
19 82.97195625305176
20 83.07556939125061
20 83.17899012565613
20 83.28380537033081
20 83.38674211502075
20 83.48995018005371
20 83.59395122528076
20 83.69762086868286
20 83.8007116317749
20 83.90420889854431
20 84.00778698921204
20 84.11228108406067
20 84.21560549736023
20 84.31923389434814
20 84.42358899116516
20 84.52790522575378
20 84.63341975212097
20 84.73727226257324
19 84.84173035621643
19 84.94674348831177
19 85.05235981941223
19 85.1569664478302
19 85.2615704536438
19 85.36613869667053
19 85.46907711029053
19 85.57202911376953
19 85.67579913139343
19 85.78065085411072
19 85.88520908355713
19 85.98945045471191
19 86.09434270858765
19 86.19794702529907
20 86.30215048789978
20 86.40583825111389
20 86.51035070419312
20 86.61394882202148
21 86.71843314170837
21 86.82149410247803
21 86.9253044128418
21 87.02928352355957
21 87.13263058662415
21 87.23654770851135
21 87.34028816223145
21 87.4430661201477
21 87.54668617248535
20 87.6491425037384
20 87.75263094902039
20 87.85587191581726
20 87.9600841999054
20 88.06542134284973
20 88.1688871383667
20 88.27322363853455
19 88.37811732292175
19 88.48287343978882
19 88.58607292175293
19 88.6913435459137
20 88.79587769508362
20 88.90096688270569
20 89.00588488578796
20 89.1098792552948
20 89.2135808467865
21 89.31677436828613
21 89.41959977149963
21 89.52411890029907
21 89.6291778087616
21 89.7350561618805
21 89.83928656578064
21 89.94430136680603
21 90.04971051216125
21 90.15295791625977
21 90.25682234764099
21 90.35990238189697
21 90.462965965271
21 90.56782054901123
21 90.67118096351624
20 90.77645063400269
20 90.88136100769043
20 90.9854896068573
20 91.0888934135437
20 91.19314622879028
19 91.29834485054016
19 91.40378546714783
19 91.50750207901001
19 91.61143279075623
19 91.71630835533142
19 91.81991696357727
19 91.92289423942566
19 92.02681517601013
19 92.13085794448853
20 92.2360291481018
20 92.33918952941895
20 92.44328451156616
20 92.54775977134705
20 92.6523745059967
20 92.75571608543396
20 92.86080312728882
21 92.96473598480225
20 93.06926393508911
20 93.17404842376709
20 93.27829551696777
21 93.38242101669312
20 93.48622250556946
20 93.58994126319885
20 93.69502782821655
20 93.79909658432007
20 93.90451216697693
20 94.00802493095398
19 94.11269736289978
19 94.21785640716553
19 94.32193946838379
19 94.42562747001648
19 94.52973914146423
19 94.63493585586548
19 94.73978209495544
19 94.84290552139282
19 94.94660973548889
19 95.05100870132446
20 95.15417194366455
20 95.25779366493225
20 95.36112523078918
20 95.46437335014343
20 95.56777334213257
20 95.67067980766296
20 95.7741310596466
20 95.87952256202698
20 95.98246932029724
20 96.08807134628296
20 96.1914734840393
20 96.29588103294373
20 96.40129208564758
20 96.50385403633118
20 96.60779976844788
20 96.711496591568
20 96.81605863571167
19 96.9205105304718
19 97.02450251579285
19 97.12911796569824
19 97.23332905769348
19 97.33893322944641
19 97.44242453575134
19 97.5447404384613
19 97.64723539352417
20 97.74974012374878
20 97.85211396217346
20 97.95548605918884
20 98.05951976776123
20 98.16430521011353
20 98.26901006698608
20 98.37227082252502
20 98.47568273544312
20 98.57889366149902
20 98.68380665779114
21 98.7867922782898
21 98.8901138305664
20 98.995037317276
20 99.0987503528595
21 99.20232033729553
21 99.3069634437561
20 99.41062593460083
20 99.51341652870178
20 99.6169958114624
20 99.72026324272156
20 99.82424402236938
20 99.92926692962646
20 100.03144955635071
20 100.13445115089417
20 100.2374529838562
20 100.34117937088013
20 100.44378304481506
20 100.54715871810913
20 100.6499490737915
20 100.75393629074097
20 100.85899639129639
20 100.96265578269958
20 101.06658816337585
20 101.17014026641846
20 101.27409291267395
21 101.37811136245728
21 101.48124361038208
20 101.58568000793457
20 101.68994951248169
20 101.79443764686584
20 101.89844536781311
20 102.0024209022522
20 102.1069233417511
20 102.21113777160645
20 102.31438994407654
19 102.4183783531189
19 102.52252197265625
19 102.62726330757141
20 102.73099255561829
20 102.83398818969727
20 102.93698191642761
20 103.04037761688232
20 103.14542889595032
20 103.24829912185669
20 103.35160517692566
20 103.45511817932129
20 103.55999279022217
20 103.66312980651855
21 103.76679921150208
21 103.87077856063843
21 103.97510147094727
20 104.07856965065002
20 104.181711435318
20 104.28541469573975
20 104.38988947868347
20 104.49364185333252
20 104.59797382354736
19 104.70136213302612
19 104.80578756332397
19 104.90804886817932
19 105.01082563400269
19 105.11449837684631
19 105.21861505508423
19 105.32340097427368
19 105.426687002182
19 105.53101253509521
19 105.63544845581055
20 105.73911929130554
20 105.8419988155365
20 105.94564843177795
20 106.05015707015991
20 106.15390157699585
20 106.25664687156677
20 106.360018491745
20 106.46346735954285
20 106.56785082817078
20 106.67246127128601
20 106.7758436203003
20 106.87930560112
20 106.98428750038147
20 107.08900260925293
20 107.19321918487549
20 107.29800462722778
20 107.40216016769409
20 107.50647211074829
20 107.61007785797119
20 107.71512699127197
19 107.81999588012695
19 107.92480754852295
19 108.02783489227295
19 108.13244462013245
20 108.23749852180481
20 108.34149384498596
20 108.44414448738098
20 108.5479462146759
20 108.65160083770752
20 108.75605988502502
20 108.85916662216187
20 108.962726354599
21 109.06706809997559
21 109.17161846160889
21 109.27425479888916
21 109.3777244091034
21 109.4811110496521
21 109.58525729179382
21 109.6887879371643
21 109.79164147377014
21 109.895254611969
21 109.99921560287476
21 110.10426592826843
21 110.2072081565857
21 110.310711145401
21 110.41396689414978
21 110.5183036327362
21 110.62166023254395
21 110.7257239818573
21 110.83078217506409
20 110.93550181388855
20 111.03864169120789
20 111.14275670051575
20 111.24684143066406
20 111.3507788181305
20 111.45428013801575
19 111.55845975875854
19 111.66213321685791
19 111.76530385017395
19 111.87024354934692
19 111.9740788936615
20 112.07808446884155
20 112.18276119232178
20 112.28613567352295
20 112.3899314403534
20 112.4933774471283
20 112.5969467163086
21 112.70118284225464
21 112.80391335487366
21 112.90720772743225
21 113.01021432876587
21 113.11473178863525
21 113.218177318573
21 113.3214864730835
21 113.42549657821655
21 113.52862811088562
21 113.63231658935547
21 113.7354986667633
21 113.84048295021057
21 113.94451689720154
20 114.04863500595093
20 114.15233135223389
20 114.25602221488953
20 114.36016917228699
20 114.46573758125305
19 114.56898355484009
19 114.67306423187256
19 114.77734017372131
19 114.88174891471863
19 114.98465490341187
19 115.087721824646
19 115.1908609867096
20 115.29451727867126
20 115.399240732193
20 115.50289845466614
20 115.60735702514648
20 115.71068525314331
20 115.81567716598511
20 115.9188723564148
21 116.02290463447571
21 116.12671327590942
21 116.23082280158997
21 116.33444499969482
21 116.43881344795227
21 116.54194617271423
20 116.64535474777222
20 116.7485249042511
20 116.85134720802307
20 116.95499181747437
20 117.0582582950592
20 117.16363954544067
19 117.26802778244019
19 117.372567653656
19 117.47730660438538
19 117.5825936794281
19 117.68554091453552
19 117.78959035873413
19 117.89407873153687
20 117.99944305419922
20 118.1029441356659
20 118.20674967765808
20 118.31131958961487
20 118.41649341583252
20 118.51981902122498
20 118.62267446517944
20 118.72599720954895
20 118.83002209663391
20 118.93297123908997
21 119.03696370124817
20 119.14273476600647
20 119.24787425994873
20 119.35102891921997
20 119.4541232585907
20 119.55743885040283
20 119.66155290603638
20 119.76500105857849
19 119.86908841133118
19 119.97208261489868
19 120.07809853553772
