18 1.1920928955078125e-06
18 0.6235592365264893
17 0.7268650531768799
16 0.8296380043029785
16 0.9324913024902344
16 1.0347940921783447
16 1.1370666027069092
17 1.2393746376037598
18 1.341853380203247
19 1.4444160461425781
20 1.5477592945098877
21 1.6500506401062012
21 1.7523953914642334
21 1.8552920818328857
20 1.9576623439788818
19 2.060253858566284
18 2.16241455078125
17 2.2646243572235107
17 2.3664722442626953
16 2.4686167240142822
16 2.570904016494751
16 2.6730592250823975
16 2.7753164768218994
17 2.8775253295898438
18 2.979983329772949
20 3.0827956199645996
21 3.1855061054229736
22 3.287827253341675
22 3.3903841972351074
21 3.4929723739624023
20 3.595588207244873
18 3.698072910308838
17 3.80043625831604
17 3.902911424636841
17 4.005416631698608
17 4.107938051223755
17 4.210357904434204
17 4.312923908233643
17 4.4157140254974365
18 4.518494367599487
19 4.621256351470947
20 4.723522186279297
20 4.825953722000122
20 4.928581237792969
20 5.0309836864471436
20 5.133161544799805
19 5.235426902770996
18 5.337535619735718
18 5.439845085144043
17 5.542107582092285
17 5.644160032272339
16 5.746213674545288
16 5.8483500480651855
16 5.950608968734741
17 6.052955150604248
18 6.155110597610474
19 6.257197141647339
20 6.359309196472168
20 6.4621124267578125
21 6.565117597579956
21 6.667226552963257
20 6.769405841827393
20 6.87145733833313
19 6.973522901535034
18 7.0757246017456055
17 7.177902460098267
17 7.280116558074951
17 7.382297992706299
17 7.484396934509277
18 7.586808204650879
19 7.6892664432525635
19 7.791574716567993
20 7.894152641296387
20 7.99717903137207
20 8.099381685256958
20 8.201753616333008
20 8.304105758666992
20 8.406324625015259
20 8.508516311645508
18 8.610750913619995
17 8.713274717330933
16 8.815597295761108
16 8.917815923690796
16 9.020278930664062
16 9.122761726379395
16 9.225160121917725
17 9.327163696289062
17 9.42982029914856
18 9.532315254211426
19 9.634551525115967
20 9.736891031265259
20 9.839334964752197
21 9.94182014465332
21 10.044236898422241
21 10.146637916564941
21 10.24915099143982
21 10.35176420211792
20 10.454313516616821
18 10.55680775642395
17 10.659544944763184
17 10.761828184127808
17 10.86520791053772
17 10.967538356781006
17 11.069889307022095
18 11.172324895858765
18 11.274646282196045
19 11.37696385383606
20 11.479280233383179
21 11.58178973197937
21 11.683985948562622
21 11.786501407623291
21 11.888916730880737
21 11.991458177566528
19 12.09386658668518
18 12.196294069290161
18 12.298648357391357
17 12.400912046432495
16 12.503300666809082
16 12.605796575546265
16 12.707881450653076
16 12.809963941574097
16 12.912134170532227
16 13.014540433883667
16 13.11672329902649
17 13.21905779838562
18 13.321155548095703
18 13.423330307006836
19 13.525910139083862
20 13.628111600875854
20 13.730678796768188
20 13.833026885986328
20 13.935207843780518
20 14.037604093551636
19 14.139793395996094
18 14.242167472839355
17 14.344593048095703
16 14.446960926055908
16 14.549339771270752
16 14.651797771453857
16 14.75422978401184
15 14.856774806976318
15 14.959579467773438
16 15.063437700271606
16 15.168049812316895
17 15.272033929824829
18 15.376235008239746
19 15.480198383331299
20 15.583819389343262
21 15.686511516571045
21 15.790400266647339
21 15.893933296203613
21 15.997231006622314
21 16.100266933441162
20 16.204397201538086
19 16.307615995407104
18 16.41148090362549
17 16.514463186264038
17 16.618019104003906
16 16.721985578536987
16 16.82511329650879
16 16.928702116012573
16 17.0327308177948
18 17.137690782546997
19 17.240954399108887
20 17.343636751174927
20 17.447319746017456
21 17.551093101501465
21 17.655673027038574
21 17.76062250137329
21 17.864600658416748
19 17.968611001968384
18 18.071298360824585
18 18.17596745491028
17 18.278748512268066
17 18.381865978240967
17 18.486111402511597
16 18.59135913848877
16 18.694355726242065
16 18.79796528816223
17 18.90239715576172
18 19.006234407424927
18 19.109944105148315
19 19.213159561157227
20 19.31714677810669
21 19.421786069869995
21 19.524303197860718
21 19.627522706985474
21 19.731517553329468
20 19.835433959960938
19 19.939135313034058
18 20.043241262435913
17 20.147510290145874
17 20.250916481018066
17 20.3551287651062
17 20.45844078063965
18 20.56202745437622
19 20.6655113697052
20 20.7690749168396
20 20.871805429458618
21 20.97555112838745
21 21.080790996551514
22 21.18567728996277
22 21.28907012939453
22 21.39310050010681
22 21.496325492858887
22 21.601913452148438
20 21.706883192062378
19 21.8100323677063
18 21.914920568466187
18 22.019720792770386
18 22.124762296676636
17 22.228534698486328
17 22.3318772315979
17 22.4366672039032
17 22.542341947555542
18 22.646228551864624
19 22.750706911087036
20 22.85439109802246
21 22.958972692489624
21 23.063523292541504
21 23.16683340072632
22 23.270840883255005
22 23.37499451637268
21 23.478989124298096
21 23.582906007766724
20 23.687141180038452
19 23.79105544090271
19 23.89475154876709
18 23.99879741668701
18 24.102965593338013
18 24.206666707992554
18 24.310808181762695
17 24.414843797683716
17 24.518965005874634
18 24.622482538223267
19 24.725470066070557
20 24.82994556427002
20 24.93351721763611
21 25.036850690841675
22 25.139917850494385
22 25.24359965324402
22 25.34758996963501
22 25.451948881149292
21 25.556870937347412
20 25.660448789596558
19 25.765035152435303
18 25.869473695755005
18 25.974003553390503
17 26.07759666442871
17 26.18225121498108
17 26.28581213951111
17 26.390047788619995
17 26.494415998458862
18 26.598064184188843
19 26.70499610900879
19 26.807740449905396
20 26.911521434783936
21 27.016557455062866
21 27.121665716171265
22 27.224655151367188
22 27.327959060668945
22 27.431915283203125
22 27.536505222320557
21 27.641450881958008
19 27.74540114402771
18 27.849533319473267
18 27.954031467437744
17 28.058414220809937
17 28.16181516647339
17 28.265912532806396
16 28.369593381881714
16 28.47335696220398
17 28.576796531677246
17 28.68068027496338
18 28.78454303741455
18 28.888484001159668
19 28.9920711517334
20 29.09561800956726
20 29.20004940032959
21 29.304829835891724
21 29.408992290496826
21 29.51223635673523
21 29.615821838378906
21 29.721043586730957
20 29.82380199432373
20 29.92821168899536
19 30.033387660980225
19 30.138716220855713
18 30.24179720878601
18 30.34597420692444
17 30.451164960861206
17 30.55595350265503
17 30.659029483795166
17 30.76264762878418
17 30.866332054138184
17 30.970818042755127
18 31.073480129241943
19 31.176785707473755
20 31.27941131591797
20 31.385372400283813
21 31.48878526687622
21 31.591901779174805
22 31.696362018585205
22 31.801105260849
21 31.90455961227417
21 32.00753951072693
20 32.111515045166016
19 32.214693546295166
18 32.31892681121826
18 32.42174172401428
17 32.52536416053772
17 32.62960600852966
17 32.73251461982727
17 32.8394832611084
17 32.94244718551636
18 33.04603624343872
19 33.15031456947327
20 33.25489068031311
21 33.357739210128784
21 33.46135139465332
22 33.5648410320282
22 33.66956186294556
22 33.77329468727112
21 33.876755475997925
20 33.98156952857971
19 34.085416316986084
18 34.18874216079712
18 34.29271626472473
18 34.396849632263184
17 34.50055003166199
17 34.60343861579895
17 34.706385374069214
18 34.809914350509644
19 34.913158893585205
20 35.01662826538086
21 35.119723081588745
21 35.22336411476135
22 35.32763051986694
22 35.43151903152466
22 35.53591299057007
21 35.63930630683899
20 35.74252986907959
19 35.84596657752991
19 35.95061230659485
18 36.05354404449463
18 36.157654762268066
18 36.26116442680359
18 36.36518907546997
18 36.46969485282898
19 36.573238372802734
20 36.676677227020264
21 36.78113150596619
22 36.88490581512451
23 36.98831558227539
23 37.09247803688049
22 37.19696664810181
21 37.29997897148132
20 37.40376353263855
19 37.50740361213684
18 37.61065936088562
17 37.71346092224121
17 37.817121744155884
16 37.920589447021484
16 38.02421855926514
17 38.12805223464966
17 38.232818603515625
18 38.33748245239258
20 38.440913677215576
21 38.54438757896423
21 38.64818787574768
22 38.75212240219116
22 38.856618881225586
21 38.96136951446533
20 39.064897298812866
19 39.16784429550171
18 39.2727267742157
18 39.376906871795654
17 39.480125427246094
17 39.58417367935181
17 39.68743681907654
16 39.79120850563049
17 39.89483141899109
17 39.998005390167236
19 40.10308122634888
20 40.20708417892456
21 40.3115394115448
21 40.41497302055359
22 40.5184121131897
22 40.62188982963562
22 40.72661352157593
22 40.83000302314758
21 40.93367910385132
20 41.0375440120697
19 41.14063549041748
18 41.24539828300476
17 41.34922170639038
16 41.45278573036194
16 41.55624341964722
16 41.66042518615723
16 41.76327347755432
17 41.867149353027344
18 41.971372842788696
19 42.07424473762512
20 42.177003383636475
21 42.28044033050537
21 42.38438558578491
21 42.48820662498474
21 42.59122943878174
20 42.69449543952942
19 42.79827928543091
18 42.90256381034851
17 43.00732135772705
17 43.11038637161255
16 43.21469759941101
16 43.31911826133728
16 43.423513889312744
17 43.52676010131836
17 43.6300482749939
18 43.73416185379028
19 43.838027477264404
20 43.94196391105652
20 44.04521203041077
21 44.14872598648071
21 44.25324606895447
21 44.35620045661926
21 44.45953679084778
19 44.56431603431702
18 44.66898036003113
18 44.771456718444824
17 44.87432789802551
17 44.977819204330444
16 45.0819673538208
17 45.1866672039032
17 45.289881229400635
18 45.392887592315674
19 45.49755144119263
19 45.60158038139343
20 45.70503616333008
20 45.80869507789612
21 45.9124710559845
21 46.015639781951904
21 46.11899495124817
21 46.22219204902649
20 46.32607436180115
19 46.430415868759155
18 46.5343804359436
17 46.63827848434448
16 46.741414308547974
16 46.84527325630188
16 46.9502694606781
16 47.0533721446991
16 47.15688109397888
17 47.260486364364624
18 47.363340854644775
19 47.46579551696777
20 47.56948804855347
20 47.6730055809021
21 47.7772057056427
21 47.88136339187622
21 47.984295129776
21 48.08763575553894
20 48.19254446029663
20 48.29655122756958
18 48.39958930015564
18 48.50324487686157
17 48.606860637664795
17 48.71035122871399
17 48.81369137763977
18 48.91672468185425
18 49.02053165435791
19 49.12561798095703
20 49.23075270652771
21 49.33443522453308
21 49.4381422996521
22 49.5422842502594
22 49.645811319351196
22 49.74925923347473
22 49.852890729904175
21 49.9565863609314
20 50.060052156448364
19 50.16299033164978
18 50.26628851890564
16 50.370091915130615
16 50.474241733551025
17 50.578043699264526
17 50.68145251274109
18 50.785114765167236
19 50.8888041973114
20 50.99289345741272
20 51.09593605995178
21 51.19880223274231
21 51.30185317993164
22 51.405903577804565
21 51.50818920135498
20 51.611114740371704
19 51.71401238441467
18 51.816771030426025
16 51.92142939567566
16 52.02484464645386
15 52.128499269485474
15 52.23319983482361
15 52.33765125274658
17 52.440420627593994
18 52.54432153701782
18 52.64852285385132
19 52.75157117843628
20 52.855886459350586
21 52.959670066833496
21 53.06337857246399
21 53.16800546646118
19 53.27303457260132
18 53.376569747924805
17 53.479734659194946
17 53.58352065086365
16 53.68865752220154
15 53.79266881942749
15 53.896520376205444
16 54.00071620941162
16 54.10472750663757
18 54.20767855644226
19 54.310643434524536
20 54.414201498031616
20 54.51890587806702
21 54.62254810333252
21 54.72588634490967
20 54.82897901535034
19 54.932119846343994
18 55.034934759140015
17 55.13955235481262
16 55.24341034889221
15 55.34679555892944
15 55.45027041435242
16 55.55335259437561
17 55.65624475479126
19 55.75965905189514
20 55.86449313163757
20 55.96674656867981
21 56.06984305381775
21 56.173951625823975
20 56.27705788612366
20 56.3811936378479
19 56.48491191864014
18 56.587743520736694
17 56.691935539245605
16 56.79582166671753
15 56.89881420135498
15 57.003114223480225
15 57.10741710662842
16 57.21211218833923
17 57.314356327056885
19 57.41737484931946
20 57.52093243598938
20 57.62523698806763
21 57.72905659675598
21 57.832364320755005
21 57.9353609085083
21 58.03905510902405
19 58.143887996673584
19 58.24698877334595
18 58.350361585617065
17 58.453365087509155
17 58.557490825653076
17 58.66116547584534
17 58.76414394378662
17 58.868019104003906
18 58.97320771217346
19 59.07770252227783
20 59.18085765838623
21 59.283791303634644
21 59.38790011405945
21 59.49311304092407
21 59.59662055969238
21 59.701266288757324
20 59.80455470085144
19 59.9084529876709
17 60.011319398880005
17 60.115254640579224
16 60.219754457473755
16 60.32404279708862
17 60.42674112319946
17 60.52982139587402
18 60.633617639541626
19 60.736953020095825
20 60.84172606468201
21 60.94548583030701
21 61.05027770996094
21 61.155080795288086
21 61.2586407661438
21 61.36167860031128
20 61.46536326408386
18 61.56964921951294
18 61.673022985458374
17 61.77615022659302
17 61.87969398498535
16 61.98478555679321
16 62.08876609802246
16 62.191325664520264
17 62.29457950592041
18 62.39779353141785
18 62.50225830078125
19 62.60602951049805
20 62.708916425704956
20 62.81350374221802
21 62.917118310928345
21 63.02051758766174
21 63.12371230125427
21 63.227510929107666
21 63.331270694732666
20 63.43545198440552
19 63.53932738304138
18 63.64288592338562
17 63.746485233306885
17 63.85142421722412
17 63.95643973350525
17 64.05973839759827
18 64.16400718688965
18 64.26795196533203
19 64.3721923828125
19 64.47603487968445
20 64.57993626594543
21 64.68361043930054
21 64.78869199752808
22 64.89209055900574
22 64.99552369117737
21 65.09884858131409
21 65.20472955703735
20 65.30846118927002
18 65.41226744651794
17 65.51614952087402
17 65.61955761909485
16 65.72291707992554
16 65.82688927650452
15 65.92969107627869
15 66.033198595047
16 66.13662028312683
16 66.23986268043518
17 66.34383630752563
18 66.448007106781
19 66.5513858795166
20 66.65458965301514
21 66.75747585296631
21 66.86101913452148
22 66.9655020236969
21 67.07000946998596
20 67.17395544052124
20 67.27814388275146
18 67.38118076324463
17 67.4860417842865
17 67.58939290046692
16 67.69331526756287
16 67.79658627510071
16 67.90020513534546
16 68.00418424606323
17 68.10724639892578
17 68.2115626335144
18 68.31491351127625
19 68.41867351531982
20 68.5222761631012
21 68.6262514591217
21 68.72968816757202
22 68.83275628089905
22 68.93604898452759
21 69.04109978675842
20 69.1463463306427
20 69.25131750106812
19 69.3556718826294
18 69.45989537239075
17 69.56372117996216
16 69.6667366027832
16 69.77028584480286
16 69.87362504005432
16 69.97816920280457
17 70.08333706855774
18 70.18709397315979
19 70.29214429855347
20 70.39720678329468
21 70.5021402835846
21 70.60583138465881
21 70.70938158035278
21 70.81321358680725
21 70.91663265228271
20 71.02010011672974
18 71.12381863594055
17 71.22812390327454
17 71.33129858970642
17 71.43565392494202
17 71.53896522521973
17 71.64268803596497
17 71.74693822860718
18 71.8502025604248
19 71.95405268669128
20 72.05804181098938
21 72.16178321838379
22 72.26671242713928
22 72.36959743499756
22 72.47364926338196
22 72.57800531387329
21 72.68233704566956
21 72.78586506843567
20 72.8893826007843
19 72.99382948875427
19 73.09753727912903
18 73.20104503631592
18 73.30499863624573
18 73.40982913970947
18 73.51389217376709
19 73.61735820770264
20 73.72041010856628
21 73.82545328140259
21 73.93014168739319
22 74.0331678390503
22 74.13655233383179
21 74.24074840545654
20 74.34478068351746
19 74.4476854801178
18 74.5513858795166
17 74.65535926818848
17 74.7589328289032
16 74.8622715473175
16 74.96621561050415
17 75.06993889808655
17 75.1734356880188
18 75.27624845504761
19 75.37932181358337
20 75.48307824134827
20 75.5868570804596
21 75.69068694114685
21 75.79472970962524
21 75.8983805179596
20 76.00156593322754
19 76.1056923866272
18 76.20992922782898
17 76.31340742111206
17 76.41794919967651
16 76.52190065383911
16 76.62554836273193
17 76.72931027412415
17 76.83282566070557
18 76.93593001365662
19 77.03929281234741
19 77.14223885536194
20 77.24553847312927
20 77.34950351715088
21 77.454598903656
21 77.55831360816956
21 77.66204953193665
20 77.76553916931152
19 77.86982727050781
18 77.97499179840088
17 78.07850313186646
17 78.18239998817444
17 78.28652286529541
16 78.3914406299591
16 78.4958655834198
17 78.5994279384613
18 78.70373272895813
18 78.808828830719
19 78.91192269325256
19 79.01539134979248
20 79.11860799789429
21 79.22257471084595
21 79.32614350318909
21 79.42939805984497
20 79.53362011909485
20 79.63721680641174
18 79.74136328697205
17 79.84531950950623
17 79.94914150238037
16 80.0535020828247
16 80.15875601768494
16 80.26248407363892
16 80.36619877815247
16 80.47149229049683
17 80.57494783401489
18 80.67753410339355
19 80.78059768676758
19 80.88490009307861
20 80.99010038375854
21 81.09288954734802
21 81.19612383842468
21 81.30015015602112
20 81.40471339225769
20 81.50878405570984
19 81.61287546157837
18 81.71642637252808
18 81.82053303718567
17 81.92379522323608
17 82.02784991264343
17 82.13116335868835
18 82.23572945594788
19 82.33863830566406
19 82.44272708892822
20 82.54573655128479
20 82.65064001083374
21 82.75466346740723
21 82.85797834396362
22 82.96241235733032
22 83.06770610809326
21 83.17169713973999
20 83.27605438232422
19 83.37925744056702
18 83.48331761360168
17 83.5881462097168
17 83.69220018386841
16 83.79608798027039
16 83.90026235580444
16 84.00475430488586
16 84.10791683197021
17 84.2121684551239
18 84.31595635414124
19 84.42011570930481
19 84.52441620826721
20 84.62839388847351
21 84.73279476165771
21 84.8374195098877
21 84.94044375419617
20 85.04343748092651
19 85.14740419387817
19 85.2504780292511
18 85.35544729232788
18 85.45949959754944
17 85.5630452632904
17 85.6678683757782
17 85.77109122276306
17 85.87609791755676
18 85.97977089881897
19 86.08342361450195
20 86.18830299377441
20 86.29127550125122
21 86.39457321166992
21 86.49855399131775
22 86.60296702384949
21 86.7066581249237
20 86.8107738494873
19 86.91420698165894
18 87.01848840713501
17 87.12138295173645
17 87.22482252120972
17 87.32780599594116
17 87.43194341659546
17 87.5371322631836
18 87.64111638069153
19 87.74562811851501
20 87.85072755813599
20 87.95365381240845
21 88.05689001083374
21 88.16118717193604
22 88.26563549041748
22 88.36995387077332
22 88.47284841537476
21 88.57649183273315
19 88.67999148368835
18 88.784343957901
18 88.8881447315216
18 88.99130058288574
18 89.09517812728882
18 89.19934701919556
19 89.30344676971436
19 89.40747857093811
20 89.51153469085693
21 89.6153998374939
21 89.71858859062195
21 89.8225679397583
21 89.92610549926758
21 90.03016209602356
21 90.13375997543335
20 90.23688220977783
19 90.34084510803223
18 90.44542622566223
18 90.55027961730957
18 90.65379071235657
19 90.75804591178894
19 90.86255645751953
19 90.96677994728088
20 91.07061529159546
20 91.17567825317383
21 91.28099703788757
21 91.38599109649658
22 91.48949456214905
22 91.59276819229126
21 91.69695162773132
21 91.80189228057861
20 91.90517330169678
19 92.00894141197205
18 92.11330842971802
17 92.21819615364075
17 92.32167220115662
16 92.42571878433228
16 92.52963733673096
16 92.63357424736023
16 92.7364821434021
17 92.8404905796051
18 92.94360017776489
19 93.04762387275696
20 93.15141987800598
20 93.25520205497742
20 93.3586528301239
21 93.46302223205566
21 93.56540298461914
21 93.66972422599792
20 93.772958278656
20 93.87794828414917
19 93.98195838928223
18 94.08554530143738
17 94.19029116630554
16 94.29381251335144
16 94.39882397651672
16 94.50256991386414
17 94.6055908203125
17 94.71004462242126
19 94.81419706344604
20 94.91810774803162
21 95.0215368270874
21 95.125657081604
21 95.228355884552
20 95.33282089233398
19 95.43702459335327
18 95.54041600227356
17 95.6441421508789
16 95.74727606773376
16 95.85138082504272
15 95.95463299751282
15 96.05848288536072
16 96.16154742240906
17 96.26508641242981
18 96.36875104904175
19 96.47142624855042
20 96.57467460632324
21 96.67817282676697
21 96.7819938659668
21 96.88558435440063
19 96.98906016349792
19 97.09252095222473
18 97.1955087184906
18 97.29888010025024
18 97.4021954536438
17 97.5067195892334
17 97.60978269577026
17 97.71329021453857
18 97.81790518760681
20 97.92249083518982
20 98.02496290206909
20 98.12811493873596
21 98.23155999183655
22 98.33677172660828
22 98.44244480133057
22 98.54617738723755
21 98.6498110294342
20 98.75546026229858
19 98.86052680015564
18 98.96504592895508
18 99.06858038902283
18 99.17297577857971
18 99.27622556686401
18 99.37945771217346
18 99.48350405693054
19 99.58784198760986
20 99.69251704216003
21 99.79732298851013
21 99.90162229537964
22 100.00625848770142
22 100.1130154132843
22 100.21630787849426
22 100.32116365432739
21 100.42551636695862
20 100.52828764915466
20 100.63146042823792
19 100.73590087890625
19 100.84014892578125
18 100.94319677352905
18 101.04693460464478
18 101.15102076530457
18 101.2546968460083
19 101.35945653915405
20 101.46250104904175
21 101.56600308418274
22 101.67027974128723
22 101.77483534812927
23 101.8786551952362
23 101.9825849533081
22 102.08604216575623
21 102.19009733200073
20 102.29283118247986
19 102.3971676826477
19 102.50064253807068
19 102.60453963279724
18 102.70811462402344
18 102.81166815757751
18 102.91510033607483
19 103.0189995765686
20 103.12377071380615
21 103.22717070579529
21 103.3312418460846
22 103.43594574928284
22 103.54004669189453
22 103.64415979385376
22 103.74741530418396
22 103.85156345367432
22 103.9548282623291
20 104.05789685249329
19 104.16167855262756
17 104.26641035079956
16 104.37072801589966
15 104.47337436676025
15 104.57672071456909
16 104.68038249015808
17 104.78392124176025
18 104.88775634765625
19 104.99164271354675
20 105.09550666809082
21 105.20107698440552
22 105.30604934692383
22 105.4103593826294
21 105.51357793807983
20 105.61778545379639
19 105.7216522693634
18 105.82471370697021
17 105.92874097824097
16 106.0319607257843
16 106.13630986213684
17 106.23939633369446
17 106.34286451339722
17 106.44791984558105
17 106.55133080482483
18 106.65606021881104
18 106.7599790096283
19 106.86336326599121
20 106.96852111816406
20 107.07227420806885
20 107.17644786834717
20 107.28048992156982
20 107.38413166999817
19 107.48938846588135
19 107.59270453453064
18 107.69599485397339
16 107.79972672462463
16 107.90326976776123
15 108.00656843185425
15 108.10964322090149
16 108.21351790428162
17 108.31646966934204
18 108.4205424785614
19 108.5233006477356
20 108.62794947624207
21 108.73214769363403
21 108.83649778366089
22 108.94056344032288
21 109.04384851455688
21 109.1476035118103
20 109.25185632705688
19 109.35559296607971
19 109.46040344238281
19 109.56359934806824
20 109.66697072982788
20 109.77095890045166
20 109.87426257133484
20 109.97760033607483
21 110.08140254020691
22 110.18568515777588
23 110.28863501548767
23 110.39221549034119
23 110.49597716331482
23 110.60125041007996
21 110.70442247390747
20 110.80790567398071
18 110.91142272949219
17 111.01551938056946
16 111.11886715888977
16 111.222736120224
15 111.32658648490906
16 111.43185091018677
17 111.53518843650818
18 111.6386034488678
20 111.74273467063904
21 111.84605050086975
22 111.94883036613464
22 112.05251574516296
22 112.15593528747559
21 112.2597393989563
20 112.36372303962708
19 112.46759963035583
18 112.57106518745422
18 112.67482709884644
17 112.77980756759644
17 112.88326048851013
17 112.98657321929932
17 113.09174036979675
18 113.19567775726318
19 113.29874801635742
20 113.40201115608215
20 113.50539636611938
21 113.61011672019958
21 113.7125494480133
21 113.81634640693665
21 113.92051339149475
20 114.02430510520935
20 114.12850904464722
19 114.23183035850525
19 114.33569955825806
18 114.44018483161926
18 114.54547452926636
17 114.64982867240906
17 114.7534728050232
17 114.85706663131714
17 114.96148991584778
18 115.06480598449707
18 115.16879677772522
18 115.27252292633057
19 115.37712025642395
20 115.4802873134613
21 115.58391904830933
21 115.6880133152008
22 115.7919659614563
22 115.8945541381836
23 115.99807858467102
22 116.10201525688171
21 116.20686078071594
19 116.31079626083374
18 116.41458702087402
18 116.51859474182129
17 116.62280464172363
17 116.72786784172058
16 116.83286118507385
16 116.93592262268066
16 117.0394856929779
17 117.14309859275818
18 117.24735116958618
19 117.35221409797668
20 117.45704102516174
21 117.56108403205872
21 117.66506242752075
22 117.7688205242157
22 117.87256932258606
22 117.9756760597229
21 118.078866481781
20 118.18185639381409
19 118.2851254940033
18 118.38855481147766
17 118.492027759552
16 118.59469819068909
15 118.69858813285828
14 118.8020327091217
14 118.90508794784546
15 119.00869369506836
16 119.11318516731262
18 119.21722030639648
19 119.32115292549133
20 119.42462754249573
20 119.52881121635437
20 119.63211226463318
21 119.73598384857178
22 119.84128618240356
21 119.94521713256836
20 120.0487105846405
