12 1.6689300537109375e-06
13 0.6372866630554199
12 0.7406778335571289
11 0.8436517715454102
11 0.9455993175506592
11 1.0479083061218262
10 1.1502652168273926
9 1.2526307106018066
9 1.3549025058746338
9 1.4572675228118896
8 1.559861421585083
8 1.6619503498077393
9 1.7645142078399658
8 1.866809606552124
9 1.9693596363067627
9 2.0720691680908203
9 2.1742560863494873
10 2.276585340499878
11 2.378818988800049
12 2.481058120727539
12 2.583401918411255
13 2.6858625411987305
14 2.7883317470550537
14 2.8905858993530273
14 2.992915153503418
15 3.095235586166382
15 3.1975812911987305
15 3.3003787994384766
15 3.40270733833313
14 3.5056185722351074
14 3.6079490184783936
13 3.7102317810058594
12 3.812565326690674
11 3.914999485015869
10 4.017611026763916
10 4.1200830936431885
9 4.222527503967285
9 4.325074195861816
8 4.42760443687439
8 4.5302393436431885
9 4.632742881774902
9 4.735237121582031
9 4.83785343170166
9 4.940390348434448
9 5.042633056640625
9 5.144650459289551
10 5.246764898300171
10 5.349090337753296
11 5.451431751251221
11 5.553584575653076
11 5.655798673629761
12 5.757983207702637
12 5.860418796539307
12 5.962606430053711
12 6.065011739730835
12 6.167483568191528
12 6.270061016082764
12 6.372786521911621
11 6.475832939147949
11 6.577991008758545
10 6.680247783660889
9 6.782466888427734
9 6.884667873382568
8 6.986923456192017
9 7.089354753494263
8 7.1916961669921875
8 7.294108629226685
8 7.396488428115845
8 7.498767375946045
8 7.601285696029663
9 7.703915357589722
9 7.8064796924591064
10 7.908549785614014
10 8.010979652404785
11 8.113232612609863
11 8.215530157089233
12 8.317589044570923
12 8.419674396514893
12 8.521854400634766
13 8.624191522598267
13 8.726354598999023
13 8.828524827957153
13 8.930716753005981
13 9.032864809036255
12 9.135140657424927
11 9.237646102905273
11 9.34013319015503
10 9.442784786224365
10 9.544825077056885
9 9.646892309188843
9 9.749105215072632
9 9.85122799873352
9 9.953247785568237
9 10.055823564529419
9 10.158168077468872
9 10.260679006576538
9 10.36318325996399
9 10.46563172340393
9 10.567781209945679
10 10.670260906219482
10 10.77264952659607
10 10.87490701675415
11 10.977203369140625
11 11.079203605651855
12 11.1812264919281
12 11.283317804336548
13 11.385627031326294
13 11.488239526748657
13 11.590311765670776
13 11.692485809326172
14 11.794541358947754
13 11.89681363105774
13 11.999216079711914
13 12.101366996765137
12 12.203453302383423
12 12.306009531021118
12 12.408463954925537
11 12.5108003616333
11 12.61309003829956
11 12.71512484550476
10 12.81719422340393
10 12.919451236724854
10 13.021687030792236
10 13.12398099899292
10 13.226310729980469
11 13.328518152236938
11 13.430778741836548
12 13.533103704452515
13 13.635471820831299
13 13.737748622894287
14 13.840272903442383
14 13.942546844482422
15 14.044897317886353
14 14.147088050842285
14 14.249364376068115
14 14.3515145778656
14 14.453712463378906
14 14.55597996711731
14 14.658400774002075
14 14.76094913482666
14 14.863497734069824
13 14.966622352600098
13 15.069030046463013
12 15.171763181686401
11 15.274098873138428
10 15.377118825912476
10 15.479488849639893
10 15.581690788269043
9 15.683907985687256
9 15.786224126815796
9 15.888424396514893
9 15.990541696548462
9 16.092684507369995
9 16.195045471191406
9 16.29732584953308
9 16.400044918060303
9 16.5054714679718
9 16.61170220375061
9 16.71558952331543
10 16.82008934020996
11 16.924879550933838
11 17.028093814849854
12 17.13125205039978
13 17.234798908233643
13 17.33857297897339
13 17.441444873809814
14 17.54496693611145
14 17.64858841896057
14 17.75278115272522
14 17.856378078460693
14 17.96107506752014
14 18.06456422805786
14 18.16861367225647
13 18.272258281707764
13 18.376161336898804
12 18.47997260093689
11 18.583536386489868
11 18.68669843673706
11 18.790974378585815
10 18.89404535293579
10 18.996931791305542
9 19.1014187335968
9 19.205212831497192
9 19.309860467910767
10 19.413960456848145
10 19.518036365509033
10 19.621950149536133
10 19.725794315338135
11 19.82908010482788
11 19.9324688911438
12 20.035523891448975
12 20.138901948928833
12 20.242275714874268
13 20.347033977508545
13 20.45042657852173
13 20.554866075515747
13 20.657755851745605
13 20.761602640151978
13 20.86581301689148
14 20.97068762779236
14 21.073779106140137
14 21.177141427993774
13 21.281632661819458
13 21.385780096054077
13 21.488181352615356
13 21.592100858688354
13 21.695789575576782
13 21.79926300048828
13 21.90492081642151
12 22.008214473724365
12 22.11170768737793
12 22.215696334838867
11 22.319913387298584
11 22.423219680786133
11 22.526849031448364
11 22.630390167236328
11 22.735088348388672
11 22.838119983673096
11 22.941875457763672
12 23.04523468017578
12 23.150710105895996
12 23.255149364471436
13 23.358736753463745
13 23.46161913871765
13 23.56533432006836
13 23.6697416305542
13 23.773512601852417
13 23.877665519714355
13 23.981188774108887
13 24.08667778968811
13 24.19055438041687
13 24.294243812561035
14 24.398030757904053
13 24.502784490585327
13 24.606124877929688
12 24.710361003875732
12 24.814287424087524
11 24.919723510742188
11 25.022793531417847
10 25.127355575561523
10 25.232357025146484
10 25.337172985076904
10 25.440686225891113
9 25.543849229812622
10 25.647066831588745
10 25.75153374671936
10 25.85487651824951
10 25.958523273468018
10 26.061657190322876
10 26.16505765914917
10 26.26911187171936
11 26.3726167678833
12 26.47714114189148
12 26.58226203918457
13 26.686627864837646
13 26.790265560150146
14 26.894623517990112
14 26.999586820602417
13 27.103914976119995
13 27.207106351852417
13 27.311123847961426
13 27.415668725967407
13 27.52031922340393
14 27.62427067756653
14 27.729407787322998
13 27.833842754364014
13 27.936287879943848
13 28.039700746536255
12 28.14414358139038
12 28.250720024108887
12 28.355001211166382
12 28.458610773086548
11 28.562328100204468
11 28.667247772216797
11 28.77192783355713
11 28.875226497650146
11 28.979366064071655
11 29.082911252975464
11 29.185970544815063
11 29.289597272872925
12 29.39312434196472
12 29.497241497039795
12 29.601450443267822
12 29.70572519302368
12 29.808778285980225
12 29.91214895248413
12 30.016204357147217
12 30.12077569961548
12 30.22370219230652
12 30.328003406524658
12 30.431729316711426
13 30.534905433654785
13 30.638079166412354
13 30.74195885658264
13 30.84657883644104
14 30.951542615890503
14 31.05522394180298
14 31.15913152694702
15 31.263675451278687
15 31.368048429489136
14 31.471043586730957
14 31.573872327804565
14 31.679049015045166
13 31.783260345458984
13 31.88618278503418
13 31.990312814712524
12 32.09408736228943
12 32.198811531066895
12 32.30159044265747
12 32.40460228919983
12 32.508240699768066
12 32.61206030845642
12 32.716631174087524
13 32.819706439971924
13 32.92352032661438
14 33.02877163887024
14 33.13365817070007
15 33.236839056015015
15 33.340919971466064
16 33.444775342941284
16 33.549105644226074
17 33.65253162384033
17 33.75580644607544
16 33.85937690734863
17 33.96353626251221
17 34.06708478927612
16 34.17136573791504
15 34.27503800392151
15 34.37845754623413
14 34.48425340652466
13 34.58775019645691
13 34.69140648841858
12 34.79509902000427
12 34.89849638938904
11 35.00171446800232
11 35.10582971572876
11 35.21024203300476
11 35.314955711364746
11 35.418890714645386
11 35.52260088920593
12 35.627012491226196
12 35.73138999938965
13 35.8353316783905
13 35.93874931335449
14 36.04263162612915
14 36.14737319946289
16 36.251665353775024
16 36.35584092140198
16 36.45996022224426
16 36.563770055770874
17 36.666966676712036
17 36.770976066589355
16 36.87440013885498
16 36.9783616065979
15 37.08138418197632
15 37.18501138687134
15 37.28786087036133
15 37.392162561416626
15 37.496424436569214
14 37.60047507286072
14 37.703636169433594
14 37.80731821060181
14 37.91237449645996
13 38.01574182510376
13 38.11953258514404
13 38.22381663322449
13 38.32812213897705
12 38.43146777153015
12 38.53504395484924
12 38.63933730125427
12 38.74306273460388
12 38.84599566459656
13 38.94905114173889
13 39.052589893341064
14 39.15704417228699
14 39.260338306427
15 39.36343240737915
15 39.467095136642456
15 39.57076096534729
15 39.67531728744507
15 39.778656244277954
15 39.88190722465515
15 39.984976291656494
15 40.08910155296326
14 40.19252872467041
14 40.29538297653198
13 40.39862847328186
13 40.50263547897339
12 40.60642194747925
12 40.70986270904541
11 40.81346559524536
12 40.91733527183533
11 41.021204710006714
11 41.12493419647217
12 41.228705406188965
12 41.33262872695923
12 41.43589520454407
12 41.539785385131836
13 41.643110275268555
13 41.74683332443237
14 41.85062575340271
14 41.95450305938721
14 42.05746912956238
14 42.16148090362549
15 42.265177965164185
15 42.368577003479004
16 42.47138571739197
16 42.575194358825684
16 42.6789448261261
16 42.78416061401367
16 42.8868453502655
16 42.990224838256836
15 43.0937225818634
14 43.198580741882324
13 43.30355501174927
13 43.40777254104614
12 43.512150287628174
11 43.616825103759766
11 43.72225046157837
11 43.826321840286255
11 43.93070650100708
11 44.03494167327881
12 44.13749694824219
12 44.24120283126831
13 44.344507455825806
14 44.449126958847046
15 44.552627086639404
15 44.65636491775513
16 44.760183811187744
16 44.86414623260498
16 44.969183921813965
16 45.07259654998779
16 45.17663502693176
16 45.280768632888794
15 45.38618183135986
14 45.48989272117615
13 45.59358048439026
13 45.6971333026886
12 45.80066990852356
12 45.90356659889221
12 46.0072705745697
12 46.11068153381348
12 46.21494150161743
12 46.31907057762146
12 46.42207431793213
12 46.52578616142273
12 46.63023543357849
12 46.73420429229736
13 46.83781337738037
14 46.94204020500183
14 47.046544551849365
14 47.15089178085327
14 47.25404381752014
15 47.35705780982971
15 47.460591316223145
15 47.56456446647644
16 47.669787645339966
16 47.77339696884155
16 47.87667918205261
16 47.981343269348145
16 48.08394980430603
16 48.18721151351929
16 48.290586709976196
16 48.39446043968201
15 48.49813890457153
14 48.601633071899414
13 48.7059965133667
13 48.80913281440735
12 48.91248655319214
11 49.015705823898315
11 49.11880874633789
10 49.223132848739624
10 49.32698702812195
10 49.43107032775879
10 49.535074949264526
10 49.63904905319214
10 49.74243116378784
11 49.8462495803833
12 49.94947290420532
12 50.05315542221069
13 50.15757131576538
14 50.26111078262329
14 50.36477756500244
15 50.46882367134094
15 50.57339644432068
15 50.67794322967529
15 50.78135013580322
15 50.88460040092468
14 50.9885516166687
13 51.09190535545349
12 51.196545362472534
11 51.30054044723511
11 51.40461707115173
10 51.50782871246338
10 51.61267614364624
10 51.716110944747925
10 51.819896936416626
10 51.92544984817505
10 52.02884030342102
10 52.13197207450867
11 52.23577547073364
12 52.34086632728577
12 52.44611120223999
13 52.549322843551636
14 52.652772665023804
14 52.756598711013794
15 52.86044216156006
15 52.964919567108154
15 53.06876039505005
15 53.17233657836914
15 53.277177810668945
15 53.38045144081116
15 53.483917236328125
14 53.58781433105469
14 53.69060158729553
13 53.79442739486694
13 53.898088455200195
12 54.00160503387451
12 54.10512971878052
11 54.209617376327515
11 54.313095569610596
10 54.4164617061615
10 54.51977562904358
10 54.62310171127319
11 54.72604155540466
11 54.82936644554138
12 54.932776927948
13 55.03719735145569
13 55.14093780517578
14 55.243947982788086
15 55.34809732437134
15 55.45189833641052
16 55.55739736557007
16 55.661510944366455
16 55.765265226364136
16 55.87010645866394
15 55.974868297576904
15 56.07796001434326
15 56.18148636817932
14 56.285171031951904
14 56.38857650756836
13 56.492772817611694
13 56.596779346466064
13 56.700843334198
12 56.80441212654114
12 56.90802788734436
12 57.011610984802246
12 57.115376472473145
12 57.219218254089355
12 57.3236517906189
13 57.42717385292053
13 57.5321569442749
13 57.638041257858276
13 57.741944789886475
13 57.84569811820984
14 57.94996690750122
13 58.055301666259766
13 58.158894062042236
14 58.26265859603882
14 58.36636257171631
14 58.47066950798035
14 58.57592010498047
14 58.67991614341736
14 58.78406834602356
14 58.887266397476196
14 58.99163818359375
14 59.09523153305054
14 59.19861650466919
14 59.302335023880005
14 59.4063286781311
14 59.5091757774353
14 59.612311124801636
15 59.71721148490906
15 59.821184158325195
15 59.92428946495056
15 60.02757287025452
14 60.13121032714844
13 60.23500037193298
13 60.339195251464844
12 60.442768812179565
11 60.54651355743408
11 60.65057706832886
11 60.75517559051514
11 60.858853816986084
11 60.964016914367676
12 61.06799340248108
12 61.17184567451477
13 61.27504587173462
13 61.37862682342529
14 61.48269772529602
14 61.587809562683105
15 61.69173336029053
16 61.794999837875366
16 61.898805379867554
16 62.002928733825684
16 62.10624122619629
17 62.20998287200928
17 62.31426763534546
16 62.419389486312866
16 62.522597551345825
16 62.62609529495239
16 62.729758501052856
16 62.83401679992676
16 62.93800377845764
14 63.0419545173645
14 63.14566397666931
14 63.24892044067383
13 63.352757692337036
13 63.45650291442871
13 63.560532331466675
12 63.66397571563721
12 63.76732659339905
12 63.870973348617554
12 63.97418570518494
12 64.07873749732971
13 64.18267440795898
13 64.28554463386536
14 64.38923645019531
14 64.49302172660828
14 64.597651720047
14 64.70189142227173
14 64.80503058433533
14 64.90894985198975
14 65.01207327842712
14 65.11550545692444
14 65.21914958953857
14 65.3222873210907
14 65.42645692825317
14 65.52983808517456
14 65.63295459747314
14 65.73663353919983
13 65.84023022651672
13 65.94445896148682
13 66.0487265586853
13 66.15294003486633
12 66.25733208656311
12 66.36239290237427
12 66.46670269966125
12 66.57014107704163
11 66.6741578578949
12 66.77699518203735
12 66.88130283355713
12 66.98425245285034
11 67.0875244140625
11 67.19184565544128
10 67.29538345336914
10 67.39915347099304
9 67.50321984291077
9 67.60711455345154
9 67.7112467288971
9 67.81479144096375
10 67.91868734359741
10 68.02334856987
10 68.12691640853882
10 68.23212814331055
10 68.33558988571167
10 68.4391222000122
10 68.54328608512878
10 68.64636182785034
10 68.75013875961304
11 68.85408592224121
11 68.9581789970398
11 69.06180095672607
11 69.16532349586487
11 69.26941680908203
10 69.37275862693787
10 69.47725892066956
10 69.5807728767395
10 69.6848042011261
10 69.78772306442261
10 69.89135527610779
10 69.99519371986389
10 70.09939742088318
10 70.20324873924255
10 70.30839729309082
10 70.41362118721008
10 70.51824617385864
10 70.62386536598206
10 70.72843432426453
11 70.83167862892151
11 70.93522596359253
12 71.04047727584839
12 71.14494061470032
13 71.2492413520813
13 71.35412263870239
13 71.45875072479248
13 71.56229567527771
13 71.66549468040466
12 71.76990151405334
13 71.87355995178223
12 71.97774243354797
13 72.08069014549255
12 72.1842942237854
12 72.28741979598999
11 72.39050054550171
11 72.49386548995972
10 72.5975615978241
10 72.70087265968323
9 72.80553197860718
9 72.91056656837463
9 73.0134346485138
9 73.11734986305237
9 73.22153210639954
9 73.32482361793518
9 73.4273931980133
9 73.53090190887451
9 73.63508486747742
10 73.73830270767212
10 73.84329605102539
11 73.9468777179718
11 74.05103254318237
11 74.15454888343811
11 74.2586886882782
11 74.36250972747803
11 74.466637134552
11 74.57122731208801
10 74.67589545249939
10 74.77926325798035
10 74.88321113586426
10 74.98591732978821
10 75.08942580223083
10 75.19199562072754
10 75.295001745224
9 75.39849019050598
9 75.50363659858704
9 75.60910630226135
9 75.71264147758484
9 75.81616044044495
9 75.9195716381073
10 76.0228157043457
10 76.12677192687988
10 76.23081755638123
10 76.33438301086426
10 76.43776655197144
10 76.54149675369263
11 76.64574646949768
11 76.74911093711853
11 76.85406541824341
11 76.95738053321838
11 77.06129550933838
12 77.16522145271301
12 77.2688615322113
12 77.37368202209473
12 77.47711825370789
12 77.58110737800598
12 77.68447518348694
12 77.78812408447266
12 77.89212393760681
12 77.99548387527466
12 78.09902715682983
12 78.2026059627533
12 78.30627655982971
12 78.40978717803955
12 78.5134904384613
12 78.61835885047913
12 78.72113752365112
11 78.8239803314209
11 78.92765522003174
11 79.03094482421875
11 79.1343150138855
11 79.23774671554565
10 79.34097480773926
10 79.44440913200378
10 79.54911160469055
10 79.65196800231934
10 79.75492930412292
10 79.85885524749756
11 79.96430468559265
11 80.06836605072021
11 80.17141509056091
10 80.27647137641907
10 80.38139724731445
10 80.48669338226318
10 80.59050107002258
10 80.69496846199036
10 80.79881024360657
10 80.90340542793274
11 81.00637865066528
11 81.10986948013306
11 81.21306991577148
11 81.31800270080566
11 81.42152857780457
11 81.52541756629944
11 81.62888193130493
11 81.73336338996887
11 81.83665990829468
11 81.94175744056702
11 82.04599928855896
10 82.15124607086182
11 82.25476384162903
10 82.3578884601593
11 82.461905002594
11 82.56600069999695
11 82.66945457458496
11 82.77313160896301
12 82.87801814079285
11 82.98251152038574
11 83.08584094047546
10 83.1894907951355
10 83.29327130317688
10 83.39673161506653
11 83.50103116035461
11 83.60459923744202
10 83.70885801315308
10 83.8127429485321
10 83.91636657714844
10 84.01935696601868
10 84.12378644943237
11 84.2272698879242
11 84.33229351043701
10 84.43568968772888
10 84.53959488868713
9 84.64390635490417
10 84.74766206741333
12 84.85094833374023
18 84.95420908927917
23 85.05857014656067
25 85.1635410785675
26 85.26651573181152
26 85.3696460723877
23 85.47394299507141
20 85.57743835449219
19 85.68165063858032
16 85.78555154800415
12 85.88870143890381
10 85.99240779876709
9 86.09608173370361
9 86.19931149482727
9 86.3029990196228
9 86.4077718257904
9 86.51244521141052
9 86.61577105522156
9 86.7194013595581
9 86.82397890090942
9 86.92809200286865
9 87.03127980232239
9 87.13480758666992
9 87.23869323730469
9 87.34298729896545
8 87.44791030883789
10 87.55136346817017
12 87.65532660484314
12 87.76014399528503
14 87.86395525932312
16 87.96748042106628
16 88.0712058544159
14 88.17620491981506
11 88.28108358383179
11 88.38488578796387
10 88.48885703086853
9 88.5928406715393
10 88.69676327705383
10 88.80043983459473
10 88.9041268825531
10 89.00798988342285
10 89.11207127571106
10 89.21588206291199
10 89.3196189403534
11 89.42375302314758
11 89.52836275100708
11 89.63198971748352
11 89.73649501800537
11 89.840078830719
11 89.9440438747406
11 90.0472264289856
10 90.1507019996643
11 90.25402402877808
11 90.3588056564331
11 90.4624376296997
11 90.56620693206787
11 90.67045640945435
11 90.77415800094604
11 90.87873673439026
11 90.98227834701538
11 91.0866551399231
10 91.19113349914551
10 91.29653835296631
9 91.39946246147156
8 91.50440835952759
8 91.60830998420715
9 91.71312022209167
12 91.81640958786011
13 91.91994643211365
14 92.02345705032349
16 92.1269178390503
14 92.2302086353302
14 92.33406734466553
13 92.43886041641235
13 92.5423493385315
11 92.64548516273499
10 92.74910807609558
9 92.85321283340454
9 92.9570369720459
10 93.06133437156677
10 93.16453266143799
10 93.26794838905334
10 93.37240672111511
11 93.47689628601074
11 93.58058905601501
11 93.68424105644226
11 93.78774499893188
11 93.8910231590271
11 93.99461889266968
11 94.09827184677124
11 94.20179390907288
11 94.3058762550354
11 94.40963101387024
11 94.51321363449097
10 94.61756038665771
10 94.72300004959106
10 94.82630705833435
10 94.92924523353577
9 95.03286862373352
10 95.13763546943665
9 95.24253225326538
9 95.34624981880188
10 95.44956016540527
10 95.55421257019043
10 95.65782594680786
10 95.76137590408325
10 95.86498045921326
11 95.96964621543884
12 96.07330989837646
12 96.17699885368347
12 96.2805540561676
13 96.38490033149719
13 96.48964595794678
13 96.59263491630554
13 96.6964910030365
13 96.79983282089233
13 96.90345358848572
13 97.00607490539551
13 97.10908627510071
13 97.21272778511047
13 97.31791734695435
13 97.4228630065918
12 97.52580165863037
12 97.62912702560425
12 97.73289561271667
11 97.83701395988464
11 97.9402105808258
10 98.04408121109009
10 98.14782190322876
10 98.25224900245667
10 98.35605239868164
10 98.45930790901184
10 98.5632905960083
11 98.66656041145325
11 98.76999998092651
12 98.87281107902527
12 98.97606039047241
13 99.07941269874573
13 99.18429017066956
14 99.28869223594666
14 99.39178609848022
14 99.4956362247467
14 99.59926843643188
14 99.70195841789246
14 99.80570912361145
14 99.90864539146423
14 100.01183748245239
14 100.11556506156921
14 100.21866154670715
14 100.32164001464844
13 100.42534708976746
13 100.53022170066833
13 100.6340434551239
12 100.73777103424072
12 100.84078621864319
12 100.94604754447937
12 101.05117416381836
12 101.15474557876587
12 101.25868153572083
12 101.36282086372375
12 101.46666765213013
12 101.57060885429382
13 101.67501997947693
13 101.78012776374817
13 101.88305878639221
14 101.98596334457397
14 102.08945536613464
14 102.19274520874023
14 102.29786396026611
14 102.40158462524414
14 102.5055320262909
14 102.60988450050354
14 102.71466827392578
14 102.81867790222168
14 102.92182779312134
13 103.02682161331177
13 103.13031721115112
13 103.23403644561768
14 103.33804130554199
42 103.44192409515381
38 103.5468521118164
26 103.65098166465759
25 103.75479054450989
27 103.85962533950806
34 103.96394991874695
40 104.06758499145508
43 104.17172527313232
51 104.27617383003235
63 104.38095736503601
17 104.48417568206787
16 104.58877730369568
16 104.69225001335144
16 104.79540705680847
15 104.89955973625183
16 105.00290250778198
15 105.10653018951416
15 105.21015477180481
15 105.31405091285706
14 105.41716170310974
14 105.52133107185364
13 105.6248550415039
13 105.72840809822083
12 105.83291053771973
12 105.93640732765198
12 106.04059314727783
12 106.1438820362091
12 106.2474467754364
12 106.35126447677612
12 106.4546537399292
12 106.55784630775452
13 106.66159772872925
13 106.76564908027649
14 106.86870980262756
14 106.97186017036438
15 107.07639575004578
15 107.18040561676025
15 107.28389978408813
15 107.38695073127747
15 107.49180150032043
15 107.59518957138062
15 107.69893217086792
15 107.80226135253906
15 107.90544414520264
15 108.00898599624634
15 108.11192631721497
14 108.2164478302002
14 108.32007431983948
13 108.42554807662964
13 108.5293562412262
13 108.63325905799866
13 108.73685145378113
13 108.8411979675293
12 108.94436621665955
12 109.0474271774292
12 109.15062046051025
12 109.25571656227112
12 109.3590247631073
11 109.46313762664795
11 109.5680627822876
11 109.67193937301636
11 109.77479338645935
11 109.87852907180786
11 109.98217153549194
12 110.08576965332031
12 110.18925666809082
12 110.29250979423523
13 110.39632320404053
13 110.50114321708679
12 110.60540056228638
12 110.70884346961975
13 110.81245875358582
13 110.91609311103821
13 111.01924204826355
13 111.12303614616394
13 111.2264986038208
12 111.3304648399353
12 111.4349844455719
12 111.54036617279053
12 111.64395642280579
11 111.74828362464905
11 111.85269093513489
11 111.95602226257324
11 112.05923223495483
11 112.16407585144043
11 112.26913356781006
11 112.37300992012024
10 112.47616076469421
11 112.5801329612732
11 112.6848669052124
11 112.78926658630371
12 112.89255809783936
13 112.99716114997864
13 113.10071611404419
14 113.20476698875427
14 113.30788326263428
14 113.41200113296509
14 113.5156831741333
13 113.61991167068481
13 113.72341275215149
12 113.82756280899048
12 113.93122696876526
11 114.03533554077148
10 114.13846206665039
10 114.24264979362488
10 114.34732913970947
10 114.45119976997375
10 114.55481243133545
10 114.65864729881287
10 114.76290488243103
10 114.86602568626404
10 114.97064208984375
10 115.07416534423828
11 115.17924904823303
11 115.28409004211426
12 115.38867378234863
12 115.49186325073242
12 115.59531354904175
12 115.69935464859009
12 115.80359935760498
12 115.90660905838013
11 116.00995707511902
12 116.11409759521484
11 116.21900606155396
11 116.32214331626892
11 116.42617797851562
11 116.52971410751343
10 116.63424468040466
10 116.73773574829102
10 116.84153318405151
11 116.94582200050354
11 117.04997634887695
11 117.15258288383484
11 117.25570249557495
10 117.35951256752014
11 117.46269917488098
10 117.5663902759552
11 117.67009091377258
11 117.77426075935364
12 117.87811613082886
12 117.98205971717834
12 118.08559107780457
12 118.1889238357544
12 118.29375720024109
12 118.39794182777405
12 118.5007266998291
12 118.60352540016174
13 118.70739579200745
12 118.81153869628906
13 118.91509461402893
13 119.01997542381287
12 119.12530326843262
12 119.23005080223083
11 119.33355569839478
11 119.43703699111938
10 119.54104042053223
10 119.64449167251587
10 119.74800395965576
10 119.85160493850708
10 119.9546811580658
10 120.05912923812866
