22 1.430511474609375e-06
27 0.6085937023162842
26 0.7142055034637451
25 0.8164143562316895
25 0.9184951782226562
25 1.0205230712890625
25 1.1230132579803467
25 1.225480079650879
25 1.3282873630523682
26 1.4309906959533691
27 1.5333147048950195
24 1.63606595993042
24 1.7386698722839355
24 1.8413236141204834
24 1.9436123371124268
25 2.046128034591675
24 2.148637056350708
25 2.250929594039917
25 2.3530120849609375
25 2.455170154571533
23 2.5575788021087646
23 2.6598384380340576
23 2.762110710144043
22 2.8646490573883057
22 2.967174768447876
22 3.0692670345306396
22 3.1716535091400146
21 3.2742838859558105
22 3.3768322467803955
22 3.4793660640716553
22 3.582110643386841
23 3.6843342781066895
23 3.7868881225585938
24 3.888993263244629
24 3.9913558959960938
24 4.093652725219727
24 4.196040630340576
26 4.298517465591431
25 4.401048183441162
26 4.503458261489868
24 4.605504274368286
24 4.707483530044556
25 4.809690237045288
24 4.912142753601074
26 5.014369010925293
23 5.1168129444122314
23 5.218943119049072
23 5.320905923843384
23 5.423054456710815
23 5.5252790451049805
25 5.627657890319824
22 5.730073690414429
23 5.832315683364868
23 5.934727430343628
27 6.037464618682861
24 6.1397247314453125
24 6.242228269577026
24 6.344212293624878
24 6.446421384811401
25 6.548928737640381
24 6.651085376739502
25 6.753455400466919
26 6.855837345123291
25 6.9580066204071045
24 7.060300350189209
25 7.162698984146118
25 7.264913558959961
25 7.367318630218506
26 7.4698426723480225
24 7.572259902954102
25 7.674572706222534
24 7.777099132537842
24 7.879768371582031
24 7.982156991958618
24 8.084404468536377
24 8.187019348144531
23 8.289474248886108
23 8.391712427139282
23 8.494063377380371
23 8.59650206565857
23 8.698891401290894
23 8.801203489303589
23 8.90380859375
23 9.006269216537476
24 9.108841180801392
24 9.211737155914307
24 9.314218044281006
24 9.416876077651978
25 9.519257068634033
25 9.621567726135254
26 9.72387170791626
24 9.826232671737671
26 9.928672075271606
25 10.031078338623047
26 10.133421897888184
26 10.235887289047241
25 10.338193893432617
24 10.44057297706604
24 10.542961359024048
24 10.645739555358887
23 10.747584104537964
23 10.851120948791504
23 10.953604221343994
22 11.05609941482544
22 11.158410787582397
23 11.260651588439941
22 11.362807273864746
23 11.465174198150635
24 11.567230701446533
23 11.669435739517212
23 11.771554946899414
23 11.873930215835571
24 11.976282596588135
24 12.07888674736023
24 12.181135177612305
24 12.284900426864624
25 12.387063264846802
25 12.489337921142578
25 12.591649770736694
25 12.693990230560303
25 12.796165704727173
25 12.89847993850708
25 13.00077509880066
24 13.103034019470215
24 13.205510139465332
24 13.308027029037476
24 13.410461902618408
23 13.513093948364258
23 13.615767478942871
24 13.718095541000366
23 13.820368528366089
23 13.922691583633423
23 14.024988174438477
23 14.12720012664795
24 14.22972559928894
24 14.33214807510376
24 14.4344642162323
24 14.536855220794678
24 14.639282941818237
25 14.741556882858276
24 14.843923091888428
24 14.946428060531616
25 15.0491361618042
24 15.151615142822266
25 15.254035234451294
24 15.356341123580933
26 15.458918333053589
25 15.561340808868408
26 15.663783073425293
26 15.76633596420288
24 15.86880373954773
24 15.97127366065979
24 16.07356333732605
23 16.175795078277588
23 16.278135538101196
23 16.380996704101562
23 16.484431266784668
23 16.589783668518066
24 16.693530797958374
24 16.79801368713379
27 16.90276598930359
24 17.007717609405518
25 17.111806392669678
25 17.21617078781128
28 17.321800231933594
25 17.424505710601807
25 17.527430772781372
24 17.631584405899048
25 17.737048149108887
25 17.84097933769226
25 17.94457459449768
25 18.04791522026062
25 18.15163254737854
25 18.254961729049683
28 18.35796308517456
27 18.460946559906006
26 18.56503677368164
26 18.670523643493652
26 18.773468732833862
26 18.87720799446106
25 18.980759382247925
26 19.085747718811035
25 19.190016984939575
25 19.294010639190674
24 19.398264169692993
26 19.50254988670349
27 19.605135440826416
27 19.709418296813965
27 19.81371569633484
27 19.917325735092163
28 20.021892309188843
27 20.125438928604126
25 20.229015588760376
25 20.332701206207275
25 20.436431646347046
25 20.54015040397644
25 20.643415451049805
25 20.746282815933228
25 20.85009479522705
25 20.953076362609863
24 21.05634617805481
26 21.16009831428528
23 21.26475477218628
23 21.36926794052124
23 21.47304081916809
23 21.576411724090576
23 21.680358409881592
23 21.784584522247314
23 21.88824224472046
23 21.99143934249878
23 22.09501028060913
23 22.199191570281982
23 22.302002429962158
23 22.405410528182983
23 22.51046848297119
23 22.61544442176819
24 22.718939781188965
24 22.822014093399048
24 22.92592144012451
25 23.030569791793823
24 23.134785890579224
25 23.238033056259155
24 23.342100620269775
25 23.446351766586304
25 23.55000400543213
24 23.65374779701233
24 23.757590770721436
24 23.860973358154297
24 23.965206146240234
24 24.068503618240356
24 24.17180347442627
24 24.276060819625854
24 24.379072189331055
24 24.481789588928223
23 24.58508849143982
23 24.688892364501953
23 24.793261766433716
23 24.897992849349976
22 25.001477241516113
23 25.105228900909424
22 25.20858597755432
23 25.312782049179077
23 25.415759563446045
23 25.519946813583374
23 25.624985218048096
24 25.728837251663208
24 25.832377910614014
24 25.93640446662903
24 26.03978419303894
24 26.143948793411255
24 26.24739980697632
24 26.350694179534912
24 26.453782558441162
24 26.55804967880249
24 26.663310289382935
24 26.76632571220398
24 26.870570182800293
24 26.97541356086731
24 27.080803871154785
24 27.18511939048767
23 27.289730072021484
23 27.393983125686646
23 27.49808382987976
23 27.601529598236084
22 27.70490789413452
22 27.808273315429688
22 27.913354873657227
22 28.01775884628296
22 28.12118887901306
24 28.22464394569397
24 28.328866481781006
23 28.43267512321472
23 28.536535263061523
24 28.640998601913452
24 28.743815422058105
24 28.84699535369873
25 28.95088481903076
25 29.05487895011902
24 29.158292531967163
25 29.26170063018799
24 29.364709854125977
24 29.467933654785156
24 29.571532487869263
24 29.67573833465576
24 29.778834104537964
24 29.881756067276
24 29.986696481704712
24 30.091361045837402
24 30.195443630218506
26 30.298380613327026
23 30.402029514312744
26 30.50486397743225
24 30.608534812927246
22 30.71196722984314
22 30.815584659576416
22 30.919463396072388
22 31.023569583892822
22 31.1275417804718
23 31.230866193771362
23 31.335580587387085
24 31.439630270004272
23 31.543652534484863
23 31.64772939682007
23 31.751275777816772
23 31.85645031929016
24 31.959384202957153
24 32.06268811225891
24 32.167094230651855
24 32.27103924751282
24 32.37372851371765
24 32.47697687149048
24 32.581220865249634
24 32.685662508010864
25 32.7905330657959
24 32.89368033409119
24 32.99744486808777
24 33.101534366607666
24 33.206199169158936
24 33.31005144119263
23 33.41383361816406
23 33.51789331436157
23 33.62348437309265
23 33.72755169868469
23 33.831291913986206
23 33.93628120422363
23 34.04078912734985
23 34.14427947998047
22 34.248334884643555
23 34.351805686950684
23 34.455612659454346
23 34.55924320220947
23 34.66252589225769
23 34.76549696922302
23 34.868951082229614
23 34.97287917137146
24 35.07654142379761
24 35.17947268486023
24 35.28353500366211
24 35.387017488479614
25 35.49022078514099
24 35.593812227249146
25 35.69848084449768
25 35.801982164382935
25 35.90557813644409
26 36.00848650932312
26 36.11143374443054
25 36.215858697891235
25 36.32092475891113
25 36.4240288734436
24 36.52854633331299
25 36.63325023651123
24 36.73540377616882
24 36.83978533744812
24 36.94324588775635
23 37.046828508377075
23 37.151368856430054
23 37.25445628166199
22 37.35797142982483
22 37.46264100074768
23 37.56776976585388
23 37.67129945755005
23 37.77481245994568
23 37.87918949127197
24 37.98400115966797
25 38.08775520324707
24 38.190815687179565
24 38.295021772384644
25 38.39916443824768
25 38.50189280509949
25 38.60513973236084
25 38.70818114280701
25 38.81202936172485
25 38.91629505157471
26 39.01938223838806
24 39.124248027801514
26 39.22802376747131
24 39.33243727684021
25 39.43541216850281
25 39.53868889808655
25 39.642972469329834
25 39.74771785736084
25 39.850696086883545
25 39.955493211746216
25 40.05883455276489
24 40.16236901283264
24 40.26486849784851
24 40.367788553237915
24 40.472020387649536
23 40.57586097717285
24 40.68051838874817
25 40.783775091171265
24 40.889240980148315
25 40.99306344985962
25 41.097933292388916
25 41.20081639289856
26 41.30419111251831
26 41.40797710418701
26 41.5127055644989
25 41.61617732048035
24 41.724185943603516
25 41.827648639678955
25 41.933043003082275
24 42.03586411476135
24 42.139204263687134
25 42.242786169052124
25 42.346341133117676
24 42.45054221153259
25 42.55478858947754
26 42.658658266067505
25 42.7621705532074
25 42.865143060684204
25 42.967883586883545
25 43.07123613357544
25 43.17526888847351
25 43.279621839523315
24 43.38253998756409
24 43.485745668411255
24 43.58959722518921
24 43.69404578208923
24 43.79683446884155
25 43.90058159828186
24 44.00457525253296
23 44.108060121536255
24 44.21305203437805
24 44.31623291969299
23 44.41996645927429
24 44.523277759552
24 44.62675142288208
24 44.7305543422699
24 44.83398747444153
25 44.93728852272034
25 45.04153895378113
25 45.14434742927551
25 45.248045444488525
24 45.35223078727722
25 45.45597529411316
24 45.55854344367981
24 45.66251873970032
25 45.765825510025024
25 45.8691086769104
25 45.97238898277283
26 46.07668614387512
25 46.18111038208008
25 46.28464961051941
24 46.389122009277344
24 46.492172718048096
24 46.59575867652893
23 46.700031042099
23 46.80462026596069
24 46.907540798187256
23 47.01087760925293
23 47.11615490913391
23 47.22091221809387
23 47.323785066604614
24 47.42793941497803
24 47.53193402290344
23 47.63706660270691
23 47.7394917011261
24 47.84402942657471
24 47.947582721710205
24 48.05213212966919
24 48.155802965164185
26 48.25876450538635
25 48.36315894126892
26 48.46653342247009
26 48.57184028625488
25 48.67484211921692
25 48.77864193916321
25 48.883554458618164
25 48.98948073387146
25 49.09327673912048
25 49.19696068763733
24 49.30080437660217
25 49.404239892959595
25 49.508360862731934
25 49.611727476119995
24 49.7150182723999
24 49.81839466094971
23 49.92214846611023
23 50.025898456573486
24 50.13079237937927
23 50.23413443565369
23 50.3385488986969
23 50.441779136657715
23 50.54679751396179
24 50.65046811103821
23 50.75411415100098
24 50.857216358184814
23 50.96011161804199
23 51.0637423992157
24 51.16787648200989
24 51.27111554145813
24 51.37433648109436
24 51.477988719940186
24 51.5826735496521
25 51.68484568595886
26 51.78892707824707
24 51.89212393760681
24 51.99516582489014
24 52.10019516944885
26 52.203107833862305
26 52.30640625953674
24 52.40963387489319
25 52.515177965164185
26 52.618508100509644
26 52.722095012664795
26 52.8254292011261
26 52.929938316345215
26 53.03380799293518
25 53.13723921775818
26 53.239909410476685
25 53.34348702430725
24 53.448588132858276
24 53.552274227142334
23 53.65820050239563
23 53.7618944644928
24 53.865450620651245
24 53.9684579372406
23 54.07180953025818
23 54.17538261413574
23 54.27957201004028
23 54.38265013694763
23 54.486491680145264
24 54.59032154083252
23 54.69411277770996
24 54.79917573928833
24 54.90223550796509
23 55.00727200508118
24 55.11233592033386
24 55.21495699882507
24 55.319154262542725
24 55.42284893989563
24 55.52725291252136
26 55.631622314453125
25 55.73549842834473
26 55.84078860282898
26 55.94439125061035
24 56.048938274383545
25 56.15259289741516
24 56.2562894821167
25 56.360936880111694
24 56.465357542037964
24 56.56822347640991
23 56.67196011543274
23 56.775062084198
23 56.87927460670471
23 56.98334741592407
23 57.08686399459839
23 57.19087076187134
23 57.29553699493408
23 57.399232387542725
23 57.50251650810242
24 57.60750699043274
23 57.711992025375366
23 57.81509757041931
23 57.919381856918335
24 58.02233052253723
24 58.12727189064026
24 58.23033285140991
24 58.33399033546448
23 58.439220666885376
24 58.54286241531372
23 58.64726638793945
23 58.75090742111206
25 58.85390543937683
24 58.95731735229492
24 59.0624897480011
24 59.165371894836426
23 59.26881766319275
23 59.37299156188965
24 59.477750301361084
23 59.58079552650452
23 59.684109687805176
23 59.787917375564575
23 59.892783403396606
23 59.99627089500427
23 60.09996223449707
23 60.20437240600586
23 60.307252645492554
23 60.41183876991272
23 60.51523995399475
23 60.618847131729126
23 60.72290635108948
23 60.82690453529358
24 60.93050456047058
23 61.03493356704712
24 61.13913869857788
25 61.24262547492981
25 61.34541058540344
24 61.44870615005493
25 61.55205273628235
24 61.65609169006348
24 61.7611186504364
25 61.865126609802246
24 61.96882247924805
24 62.07311034202576
23 62.175451040267944
23 62.27808403968811
23 62.3815495967865
23 62.48533320426941
23 62.589425563812256
22 62.69219613075256
22 62.79576516151428
23 62.900673151016235
24 63.004374265670776
23 63.10705828666687
23 63.21040368080139
23 63.31467294692993
23 63.41934108734131
23 63.52432465553284
23 63.62745213508606
23 63.731688261032104
23 63.83707880973816
23 63.93921661376953
23 64.0434262752533
23 64.14804911613464
23 64.25145101547241
23 64.35615372657776
23 64.45969533920288
23 64.5633373260498
23 64.66691136360168
24 64.77105903625488
23 64.87375378608704
24 64.97726917266846
24 65.08185172080994
24 65.18502068519592
23 65.28784346580505
23 65.3923122882843
23 65.49613833427429
23 65.60027432441711
23 65.70397210121155
23 65.80725741386414
23 65.91030597686768
23 66.01491570472717
23 66.1182804107666
23 66.22151255607605
23 66.32471799850464
23 66.42833375930786
24 66.53165698051453
24 66.63659358024597
24 66.74033737182617
24 66.84393620491028
24 66.94902014732361
24 67.05324864387512
24 67.1565272808075
24 67.26038765907288
23 67.36367392539978
23 67.46721506118774
24 67.57074761390686
23 67.67413377761841
24 67.77845978736877
24 67.88179802894592
23 67.98508882522583
23 68.08914732933044
23 68.19397950172424
23 68.2978458404541
23 68.40082788467407
23 68.50421285629272
23 68.60910987854004
24 68.71424293518066
23 68.81697583198547
22 68.92077994346619
22 69.02426099777222
22 69.1285171508789
22 69.23371911048889
22 69.33729386329651
23 69.44047427177429
23 69.5449378490448
23 69.65051746368408
24 69.75359392166138
24 69.85803294181824
23 69.96318125724792
24 70.06760096549988
23 70.17109036445618
24 70.27532196044922
23 70.3789930343628
23 70.484201669693
23 70.58769416809082
24 70.69152164459229
23 70.79452753067017
24 70.89861989021301
23 71.00223398208618
23 71.10744762420654
23 71.21170330047607
24 71.31654763221741
24 71.41955161094666
23 71.52327489852905
23 71.62680745124817
23 71.73028373718262
23 71.8337631225586
23 71.93701004981995
22 72.04179978370667
22 72.14660024642944
22 72.24892258644104
22 72.35274529457092
21 72.45673513412476
21 72.56192088127136
22 72.66556525230408
22 72.7686095237732
22 72.8730776309967
23 72.97798085212708
23 73.08169531822205
23 73.18546652793884
23 73.28968620300293
23 73.39475274085999
23 73.49974489212036
23 73.60300374031067
23 73.7071921825409
23 73.81255793571472
23 73.91585040092468
24 74.02007627487183
24 74.12328028678894
25 74.22729563713074
24 74.33055686950684
24 74.4332947731018
24 74.53714776039124
23 74.641357421875
24 74.74445748329163
24 74.84905409812927
23 74.95186257362366
23 75.05624914169312
22 75.16021394729614
22 75.2643735408783
22 75.36802387237549
22 75.47148251533508
22 75.57532072067261
22 75.67840671539307
22 75.78140711784363
22 75.88459753990173
23 75.98846507072449
23 76.09168314933777
23 76.19701600074768
23 76.3005018234253
23 76.40483355522156
23 76.50922107696533
23 76.6127359867096
23 76.71655178070068
23 76.81996035575867
23 76.92420434951782
23 77.02832651138306
23 77.13194346427917
23 77.23602223396301
23 77.33921360969543
23 77.44414734840393
24 77.54719138145447
23 77.65082144737244
23 77.7543478012085
23 77.85809683799744
23 77.96095967292786
23 78.06368494033813
23 78.16788029670715
23 78.27193665504456
23 78.3754370212555
23 78.47864437103271
23 78.583256483078
22 78.68813586235046
22 78.79236769676208
22 78.89622640609741
22 78.99999928474426
23 79.10456347465515
23 79.20793461799622
23 79.3111367225647
23 79.41429734230042
23 79.5180811882019
23 79.62182378768921
23 79.72450542449951
23 79.82735252380371
24 79.93221163749695
24 80.03554320335388
23 80.1392331123352
23 80.24294853210449
24 80.34653639793396
24 80.45006895065308
24 80.55517506599426
24 80.658531665802
23 80.7619218826294
23 80.86507415771484
23 80.96822881698608
23 81.07255005836487
23 81.17641997337341
23 81.28084897994995
23 81.38655972480774
23 81.490074634552
22 81.59418940544128
25 81.69692015647888
22 81.80047607421875
22 81.90421962738037
23 82.00799751281738
23 82.11143493652344
23 82.21486496925354
23 82.32023429870605
23 82.42400979995728
23 82.52727746963501
23 82.6306619644165
23 82.73467636108398
23 82.8391535282135
23 82.94225263595581
23 83.04573798179626
24 83.15021586418152
24 83.25319695472717
23 83.35623812675476
23 83.45982050895691
23 83.56421160697937
24 83.669260263443
23 83.7732207775116
23 83.87800860404968
23 83.98328018188477
23 84.08695268630981
23 84.19011402130127
23 84.29395174980164
23 84.39700126647949
23 84.5022599697113
23 84.60593700408936
23 84.70956873893738
24 84.8136305809021
24 84.91741585731506
23 85.02098536491394
23 85.12516617774963
23 85.22954940795898
23 85.33439517021179
23 85.43719911575317
23 85.54028463363647
24 85.64567255973816
23 85.75056576728821
23 85.85364770889282
23 85.9571430683136
24 86.06025815010071
28 86.16535949707031
24 86.26880025863647
24 86.37183475494385
25 86.47605991363525
25 86.57963228225708
24 86.68392992019653
24 86.78702139854431
25 86.89148998260498
24 86.99468064308167
24 87.09827041625977
25 87.20132160186768
27 87.30464887619019
24 87.40885424613953
24 87.51390981674194
24 87.61754155158997
23 87.72118949890137
23 87.82545137405396
23 87.92946767807007
23 88.03253388404846
22 88.13597416877747
22 88.23911690711975
22 88.34269452095032
22 88.4471263885498
22 88.55059790611267
22 88.65409445762634
22 88.75902771949768
22 88.86287450790405
22 88.96643018722534
22 89.07016396522522
22 89.17359185218811
23 89.27779793739319
23 89.3830304145813
23 89.48680806159973
23 89.59030485153198
23 89.6945366859436
23 89.79761695861816
23 89.90039277076721
24 90.00461912155151
23 90.1085786819458
24 90.21210885047913
24 90.31508016586304
23 90.4192726612091
24 90.52361845970154
24 90.62846684455872
23 90.7312958240509
24 90.83494639396667
23 90.93807888031006
23 91.04122018814087
23 91.14580750465393
23 91.24896430969238
24 91.35338616371155
23 91.45699071884155
23 91.56123542785645
23 91.66427111625671
23 91.76712584495544
23 91.87144589424133
23 91.97583222389221
22 92.07875084877014
22 92.18266272544861
22 92.28555536270142
22 92.38917803764343
22 92.494469165802
22 92.59812545776367
22 92.70334386825562
22 92.8076388835907
22 92.9107518196106
22 93.01396465301514
23 93.11816430091858
23 93.22320055961609
23 93.3291244506836
23 93.43332242965698
24 93.53735518455505
24 93.64172101020813
24 93.74476957321167
24 93.8484137058258
23 93.95150685310364
23 94.05559134483337
25 94.16046905517578
24 94.26377153396606
24 94.368008852005
24 94.47178626060486
24 94.57572984695435
24 94.67968416213989
24 94.78338670730591
24 94.88720774650574
25 94.9919080734253
24 95.0956335067749
23 95.1994640827179
24 95.30325436592102
23 95.40813255310059
23 95.51170182228088
23 95.6156713962555
22 95.71944427490234
22 95.82380294799805
22 95.92720603942871
22 96.03049111366272
22 96.13482975959778
23 96.23851537704468
22 96.34318685531616
25 96.44671773910522
22 96.54980516433716
23 96.65357303619385
23 96.7573733329773
23 96.86067724227905
23 96.96429967880249
23 97.06831288337708
24 97.17174863815308
23 97.27465319633484
24 97.37840056419373
24 97.48278880119324
24 97.58606290817261
24 97.69089221954346
24 97.79420948028564
24 97.89764547348022
24 98.0016872882843
24 98.10563921928406
23 98.20891857147217
25 98.312082529068
24 98.41643524169922
24 98.52058148384094
24 98.62401390075684
23 98.72779631614685
23 98.83212232589722
23 98.93682551383972
23 99.04037618637085
22 99.14336776733398
22 99.24627494812012
22 99.35102796554565
22 99.45390963554382
22 99.55748248100281
22 99.66088628768921
22 99.76618957519531
22 99.87158608436584
22 99.97513556480408
23 100.07847213745117
23 100.18186235427856
23 100.28707909584045
23 100.39077973365784
23 100.49552965164185
23 100.5989670753479
23 100.70265817642212
24 100.80576229095459
24 100.90920853614807
27 101.01322364807129
24 101.11740732192993
24 101.2209005355835
24 101.324143409729
24 101.43009400367737
24 101.5337221622467
26 101.63688254356384
25 101.74122047424316
24 101.84446024894714
23 101.94902300834656
23 102.0534725189209
23 102.15701913833618
23 102.26038646697998
23 102.36363410949707
23 102.4679548740387
23 102.57118225097656
23 102.67520070075989
23 102.77951669692993
23 102.88256740570068
23 102.98551344871521
23 103.08887529373169
23 103.19245219230652
23 103.29761147499084
23 103.40018367767334
23 103.50350975990295
23 103.60701394081116
23 103.71113085746765
24 103.81579828262329
24 103.91957569122314
24 104.02257990837097
24 104.12658262252808
24 104.2316792011261
23 104.3354845046997
24 104.43830823898315
25 104.54313802719116
25 104.64853620529175
24 104.75151586532593
24 104.85518789291382
24 104.95858025550842
24 105.06195950508118
24 105.16473722457886
24 105.26907134056091
25 105.37343764305115
24 105.47832417488098
24 105.58251905441284
24 105.68568873405457
24 105.79068422317505
23 105.8943784236908
23 105.99900341033936
23 106.10294437408447
23 106.20708322525024
23 106.31265997886658
23 106.41790318489075
23 106.52262353897095
22 106.62675428390503
22 106.73145294189453
22 106.83532810211182
23 106.93860197067261
22 107.04336357116699
23 107.14823317527771
23 107.25163149833679
23 107.35470151901245
23 107.45825505256653
24 107.5617516040802
24 107.6665198802948
24 107.76983642578125
23 107.87333965301514
25 107.97702741622925
24 108.08098077774048
24 108.18425107002258
24 108.28715133666992
24 108.39064884185791
24 108.49477171897888
24 108.5975821018219
24 108.70177268981934
25 108.80489754676819
24 108.90883994102478
23 109.01302456855774
24 109.11679363250732
25 109.2204077243805
24 109.3247857093811
24 109.42959475517273
24 109.53274536132812
25 109.6378014087677
25 109.74163031578064
24 109.84475493431091
23 109.94862961769104
23 110.05227446556091
23 110.15557861328125
23 110.25850057601929
23 110.36087536811829
23 110.46424555778503
23 110.56750106811523
22 110.67214179039001
23 110.77596259117126
23 110.87915706634521
23 110.98221564292908
23 111.0855484008789
23 111.19023132324219
23 111.29349422454834
23 111.3973274230957
23 111.50116539001465
24 111.60541081428528
23 111.70808243751526
24 111.81116342544556
23 111.91584634780884
24 112.02129316329956
24 112.127117395401
25 112.23037838935852
26 112.334792137146
25 112.4401342868805
24 112.54451107978821
24 112.648770570755
24 112.75333738327026
25 112.85739421844482
24 112.96138405799866
24 113.06512331962585
24 113.1692841053009
25 113.27336573600769
23 113.37572813034058
26 113.47884488105774
23 113.58380484580994
23 113.6896059513092
23 113.79222989082336
23 113.89743900299072
23 114.00107288360596
23 114.10645484924316
23 114.21086692810059
23 114.31386971473694
22 114.41806292533875
23 114.5220239162445
23 114.62786531448364
23 114.73142433166504
23 114.83998084068298
23 114.94541692733765
23 115.04840564727783
23 115.15217590332031
23 115.25624680519104
24 115.36100602149963
24 115.46474838256836
24 115.56793308258057
24 115.67261528968811
24 115.7759301662445
24 115.87835240364075
24 115.98148846626282
24 116.08524537086487
23 116.18950057029724
25 116.29366040229797
24 116.39760708808899
23 116.50165247917175
26 116.60560727119446
24 116.70963978767395
24 116.8129813671112
24 116.91638445854187
23 117.02012729644775
23 117.12458276748657
23 117.2280945777893
23 117.33198022842407
23 117.43580293655396
23 117.53982877731323
23 117.64322710037231
23 117.74693059921265
22 117.85099911689758
23 117.95547127723694
23 118.06001257896423
23 118.1639974117279
23 118.26782417297363
23 118.37158417701721
23 118.47682070732117
23 118.57963013648987
23 118.68332362174988
23 118.78707337379456
23 118.89000487327576
23 118.99302005767822
24 119.09603881835938
23 119.1996238231659
23 119.3047034740448
24 119.40942859649658
23 119.51343750953674
25 119.6186420917511
24 119.72341251373291
24 119.8273606300354
24 119.93034601211548
24 120.03348755836487
