32 9.5367431640625e-07
31 0.6338398456573486
32 0.7381377220153809
32 0.8408992290496826
33 0.9434030055999756
34 1.045661449432373
35 1.147965908050537
34 1.2503690719604492
35 1.352766752243042
33 1.4552710056304932
32 1.5576279163360596
30 1.6601922512054443
30 1.7625563144683838
30 1.865656852722168
30 1.9679296016693115
29 2.0703959465026855
29 2.1736254692077637
29 2.275895118713379
29 2.3783395290374756
27 2.48115611076355
28 2.5835421085357666
27 2.6860055923461914
27 2.7884609699249268
27 2.8910768032073975
27 2.9931697845458984
26 3.0953752994537354
27 3.1982452869415283
27 3.3007750511169434
29 3.403465986251831
30 3.5062577724456787
30 3.6087276935577393
31 3.7112390995025635
31 3.8134453296661377
32 3.9159281253814697
33 4.018267393112183
33 4.120797157287598
33 4.223162412643433
33 4.325519561767578
32 4.428369998931885
31 4.530848264694214
30 4.633328914642334
29 4.735803604125977
28 4.838089466094971
28 4.940569162368774
27 5.042816162109375
28 5.145301818847656
27 5.247852087020874
27 5.350671052932739
27 5.453647613525391
25 5.55616021156311
25 5.6586620807647705
26 5.7613525390625
25 5.863651752471924
25 5.966349124908447
27 6.068683624267578
27 6.171243906021118
28 6.273646831512451
29 6.376180410385132
30 6.480424165725708
33 6.58303427696228
35 6.685510635375977
36 6.78800368309021
37 6.89049768447876
37 6.993157386779785
37 7.095310688018799
35 7.19810938835144
31 7.300683498382568
30 7.403157711029053
28 7.505581855773926
28 7.608017683029175
27 7.710632801055908
27 7.813239097595215
27 7.915797472000122
26 8.018224954605103
26 8.120836734771729
26 8.223429679870605
27 8.326108455657959
26 8.428447961807251
26 8.531442403793335
26 8.63439416885376
26 8.73667573928833
27 8.839036703109741
29 8.941335916519165
29 9.043606281280518
31 9.145792007446289
33 9.248117685317993
34 9.350435733795166
36 9.452514886856079
36 9.554661989212036
37 9.656891584396362
37 9.759122371673584
36 9.86150074005127
35 9.96416687965393
34 10.067148685455322
33 10.169753074645996
31 10.272383213043213
31 10.375058650970459
30 10.477285146713257
29 10.57999873161316
28 10.68256402015686
28 10.784645557403564
28 10.886913537979126
28 10.98919153213501
28 11.091563701629639
27 11.194090604782104
27 11.296870231628418
26 11.398958921432495
26 11.501880407333374
26 11.604379653930664
25 11.706950902938843
26 11.809383392333984
26 11.911981582641602
27 12.014509201049805
29 12.117015838623047
30 12.219630479812622
32 12.322032451629639
35 12.424472332000732
37 12.527034521102905
37 12.629720449447632
37 12.732283353805542
37 12.834842205047607
36 12.937329530715942
34 13.03974461555481
32 13.142189502716064
30 13.244628667831421
29 13.347169399261475
29 13.449806690216064
28 13.552334070205688
28 13.654783010482788
26 13.757346391677856
26 13.859857082366943
25 13.962642669677734
25 14.064965724945068
25 14.168012619018555
25 14.27057671546936
26 14.373175144195557
26 14.47560429573059
25 14.578428983688354
26 14.68113398551941
27 14.784138917922974
28 14.88667368888855
30 14.989188432693481
32 15.091790199279785
34 15.194149255752563
34 15.296635150909424
36 15.398566484451294
36 15.50100064277649
34 15.603352546691895
34 15.705665349960327
32 15.808327674865723
30 15.910572052001953
29 16.01279354095459
29 16.115142345428467
28 16.21763515472412
27 16.32003116607666
26 16.42238163948059
27 16.526180028915405
27 16.6306095123291
25 16.734289169311523
26 16.8376944065094
26 16.94258761405945
26 17.048296213150024
24 17.15182900428772
25 17.255983352661133
26 17.360945224761963
27 17.464566469192505
27 17.56852626800537
28 17.672200679779053
29 17.775967121124268
30 17.879546403884888
32 17.983254432678223
34 18.087621927261353
36 18.191638708114624
36 18.29577350616455
36 18.400043964385986
36 18.504627227783203
34 18.608540296554565
31 18.711952447891235
30 18.81508779525757
29 18.919023275375366
29 19.022537231445312
28 19.126280069351196
28 19.230419874191284
28 19.334222316741943
27 19.437514305114746
26 19.54052448272705
26 19.644371509552002
26 19.748781442642212
26 19.852494716644287
26 19.956039428710938
27 20.06000256538391
28 20.16341805458069
28 20.266798973083496
30 20.37290930747986
33 20.47871470451355
36 20.58254098892212
37 20.68595838546753
39 20.79021430015564
38 20.894343614578247
37 20.99736976623535
36 21.10074496269226
34 21.204295873641968
33 21.309978723526
29 21.413829565048218
29 21.517730236053467
28 21.620943546295166
27 21.724775552749634
27 21.827730178833008
27 21.931480407714844
27 22.03562617301941
26 22.139108419418335
26 22.243144273757935
26 22.347028970718384
25 22.45047426223755
26 22.55431604385376
27 22.65923285484314
28 22.762761116027832
29 22.86659049987793
31 22.97132635116577
31 23.075188159942627
31 23.179123163223267
32 23.282832145690918
34 23.38717246055603
35 23.491435050964355
36 23.594401121139526
36 23.69816517829895
36 23.802256107330322
35 23.906667232513428
33 24.009866952896118
30 24.11367917060852
30 24.218984127044678
28 24.323667764663696
28 24.426329851150513
27 24.53027057647705
26 24.634422779083252
27 24.73930788040161
26 24.843581438064575
27 24.947797060012817
26 25.052037715911865
25 25.156902551651
25 25.26131010055542
26 25.36455464363098
27 25.469327688217163
27 25.573352098464966
28 25.67867350578308
29 25.782942533493042
30 25.886640310287476
32 25.990986108779907
33 26.093297243118286
35 26.197023391723633
36 26.300779104232788
37 26.405405044555664
37 26.510276317596436
36 26.613540172576904
35 26.717198133468628
32 26.821369409561157
31 26.92539668083191
30 27.02877378463745
29 27.13289523124695
27 27.23690128326416
28 27.34200429916382
27 27.445021390914917
26 27.548290967941284
26 27.653464555740356
25 27.75816798210144
26 27.861320734024048
26 27.96440839767456
26 28.06861162185669
25 28.172810554504395
26 28.275376081466675
27 28.379849195480347
27 28.48323893547058
29 28.586676597595215
29 28.690035820007324
31 28.793922424316406
32 28.89784026145935
33 29.00124192237854
33 29.105605125427246
34 29.208518505096436
35 29.311488389968872
34 29.4146249294281
34 29.518991231918335
33 29.622170209884644
31 29.725080966949463
30 29.82902717590332
28 29.9321928024292
29 30.035489320755005
28 30.138611793518066
27 30.24227547645569
27 30.345322370529175
26 30.449744939804077
26 30.554429531097412
26 30.658594846725464
25 30.76333475112915
26 30.867872714996338
25 30.970373153686523
26 31.07345676422119
27 31.176945447921753
28 31.280531644821167
29 31.384844541549683
30 31.48823642730713
32 31.59227180480957
33 31.695831775665283
34 31.800467252731323
36 31.90372323989868
37 32.007434606552124
37 32.111329555511475
36 32.214783668518066
35 32.31728482246399
34 32.4211266040802
32 32.524839878082275
29 32.63008499145508
29 32.73416471481323
28 32.83736038208008
27 32.94046378135681
27 33.0453577041626
27 33.14908742904663
26 33.252981424331665
26 33.35605239868164
26 33.461034297943115
26 33.565016984939575
26 33.66812181472778
26 33.77252697944641
27 33.87630534172058
27 33.97978758811951
28 34.08387756347656
29 34.18685817718506
30 34.29044961929321
31 34.393797159194946
32 34.498164653778076
34 34.60142111778259
35 34.70500373840332
37 34.8080050945282
37 34.91168403625488
37 35.01493740081787
35 35.118040323257446
35 35.22162890434265
34 35.32610607147217
32 35.42886543273926
30 35.532097578048706
29 35.63554930686951
28 35.73933744430542
28 35.8430552482605
27 35.946189403533936
27 36.05004048347473
27 36.153759241104126
27 36.258349895477295
26 36.36154627799988
26 36.464858531951904
27 36.56858801841736
26 36.67305946350098
26 36.77649903297424
26 36.88029193878174
27 36.98465418815613
28 37.08833694458008
29 37.192503690719604
30 37.2954580783844
32 37.3987455368042
34 37.50174522399902
35 37.60556364059448
35 37.708816051483154
36 37.812575340270996
36 37.917956590652466
37 38.022817850112915
36 38.12594270706177
36 38.22926306724548
34 38.33347845077515
31 38.43847584724426
30 38.54065275192261
29 38.64420771598816
28 38.74812412261963
27 38.85158729553223
27 38.955146074295044
26 39.05809283256531
27 39.16121768951416
27 39.264516830444336
26 39.3687789440155
26 39.47291851043701
26 39.57618856430054
26 39.68039131164551
26 39.78380513191223
27 39.88863778114319
28 39.99232578277588
29 40.09694695472717
31 40.20189666748047
32 40.30642247200012
33 40.41035485267639
34 40.514159202575684
35 40.61735463142395
36 40.7218599319458
36 40.82495045661926
37 40.929022789001465
35 41.03422474861145
35 41.138116121292114
34 41.24256706237793
32 41.346742391586304
30 41.4518609046936
29 41.55650019645691
28 41.659650564193726
28 41.762816429138184
28 41.86735534667969
27 41.973875999450684
27 42.078012228012085
27 42.18237614631653
27 42.28750133514404
26 42.39006185531616
26 42.493793964385986
27 42.59821844100952
27 42.702067136764526
27 42.806647539138794
27 42.910709857940674
27 43.014397859573364
28 43.11860275268555
29 43.22268581390381
29 43.32628679275513
30 43.43084788322449
31 43.535765171051025
33 43.63906264305115
33 43.741600036621094
33 43.84391641616821
33 43.94644784927368
34 44.04912281036377
33 44.154109954833984
31 44.257554054260254
30 44.36282229423523
29 44.46667671203613
28 44.569748640060425
28 44.672720432281494
28 44.77543330192566
27 44.87773394584656
27 44.98035287857056
27 45.085261821746826
26 45.188756227493286
26 45.291948556900024
27 45.39604473114014
27 45.50030994415283
27 45.6038761138916
27 45.707642555236816
27 45.81082320213318
28 45.91532754898071
29 46.01891875267029
29 46.121922969818115
31 46.226457595825195
32 46.33213448524475
33 46.43677854537964
34 46.540507555007935
35 46.64466905593872
36 46.74983882904053
35 46.85304856300354
34 46.956087827682495
32 47.059712171554565
32 47.16423487663269
30 47.26684832572937
30 47.369967460632324
29 47.47351384162903
28 47.57739472389221
27 47.68152570724487
27 47.785584926605225
27 47.889322996139526
27 47.993191719055176
27 48.09773778915405
27 48.201332330703735
27 48.3045539855957
26 48.4081974029541
26 48.51199913024902
26 48.6163649559021
27 48.71976637840271
27 48.823838233947754
28 48.927375078201294
29 49.03145384788513
31 49.135204553604126
32 49.23887038230896
33 49.34225630760193
35 49.44651246070862
36 49.5497567653656
36 49.65299344062805
35 49.75647187232971
35 49.86174464225769
35 49.964993476867676
33 50.06896352767944
31 50.17403602600098
30 50.278796434402466
30 50.38201832771301
29 50.48609375953674
28 50.58944845199585
27 50.692988872528076
27 50.79754328727722
28 50.90101218223572
28 51.00474214553833
27 51.10836911201477
28 51.21272802352905
28 51.316412687301636
27 51.41962647438049
26 51.52296543121338
28 51.628039836883545
28 51.731581926345825
28 51.835201025009155
29 51.94022798538208
30 52.0446093082428
32 52.148645877838135
32 52.253015995025635
34 52.35681414604187
34 52.460415840148926
35 52.56361389160156
37 52.667263984680176
36 52.77047777175903
36 52.87376308441162
34 52.97826075553894
32 53.08182334899902
30 53.184643268585205
30 53.28831505775452
29 53.392396450042725
28 53.49524664878845
28 53.59892010688782
28 53.70383620262146
28 53.80814242362976
28 53.911309003829956
27 54.01520395278931
28 54.12022066116333
28 54.2252676486969
28 54.328728437423706
28 54.43238544464111
27 54.537540435791016
28 54.64241361618042
28 54.74520182609558
29 54.849443674087524
30 54.954381465911865
31 55.05883812904358
32 55.16177225112915
34 55.26584839820862
35 55.37013649940491
35 55.47433257102966
36 55.5770480632782
36 55.680241107940674
36 55.784250259399414
34 55.88850998878479
32 55.992191314697266
31 56.09533166885376
30 56.19979524612427
29 56.30463624000549
29 56.40915560722351
28 56.51395058631897
28 56.61790156364441
28 56.72201371192932
28 56.82615804672241
28 56.930243730545044
28 57.03419733047485
28 57.13802695274353
28 57.24370265007019
28 57.34724950790405
28 57.45131874084473
28 57.55573654174805
28 57.65970206260681
28 57.763278007507324
29 57.86704993247986
30 57.970821142196655
30 58.07420778274536
32 58.1771445274353
33 58.28048229217529
33 58.38350319862366
34 58.486470222473145
35 58.59049844741821
36 58.69371461868286
35 58.79727053642273
35 58.900874614715576
34 59.006726026535034
32 59.110811948776245
31 59.21457386016846
30 59.318681716918945
29 59.42299818992615
29 59.52605485916138
29 59.62945342063904
28 59.73332691192627
28 59.83808612823486
28 59.941577196121216
28 60.045140743255615
28 60.14928913116455
28 60.25399589538574
28 60.35685348510742
27 60.4610071182251
28 60.56480669975281
28 60.66898202896118
29 60.77335524559021
30 60.87780785560608
31 60.981000900268555
31 61.08590078353882
33 61.19029235839844
34 61.29389953613281
35 61.39708685874939
34 61.50152230262756
35 61.6046416759491
35 61.70820331573486
35 61.811891317367554
34 61.91682839393616
32 62.021257638931274
32 62.12430167198181
30 62.228392601013184
29 62.33184480667114
29 62.43558406829834
28 62.53828191757202
28 62.64207124710083
29 62.74606776237488
28 62.850048303604126
28 62.954097747802734
28 63.058000802993774
28 63.16200828552246
28 63.26735758781433
28 63.3722128868103
28 63.475887060165405
29 63.57929301261902
29 63.683173418045044
30 63.78724193572998
31 63.89091444015503
33 63.99456310272217
35 64.09866905212402
35 64.20263814926147
36 64.30624508857727
37 64.41003012657166
38 64.51323628425598
37 64.61836266517639
37 64.72114419937134
36 64.82503485679626
33 64.92923712730408
31 65.0328471660614
29 65.13627481460571
30 65.24046206474304
29 65.34388375282288
28 65.44747257232666
28 65.55099821090698
28 65.65390110015869
28 65.75710701942444
28 65.86078476905823
27 65.96448016166687
28 66.06753969192505
27 66.17118191719055
28 66.27597546577454
28 66.37985062599182
29 66.48358178138733
31 66.58721685409546
34 66.69065022468567
35 66.79372048377991
36 66.89770841598511
36 67.00155138969421
37 67.10562825202942
37 67.2099175453186
37 67.31500029563904
36 67.41847586631775
33 67.5224609375
32 67.62624621391296
31 67.72911190986633
29 67.83208894729614
29 67.93584823608398
28 68.03962635993958
28 68.14394998550415
28 68.24866890907288
28 68.35245895385742
28 68.45592665672302
28 68.56090569496155
28 68.6666989326477
28 68.76970624923706
28 68.87408089637756
28 68.97759509086609
29 69.08221101760864
29 69.18570160865784
30 69.28959822654724
33 69.39496731758118
34 69.49936485290527
36 69.60321736335754
37 69.70711708068848
37 69.81046271324158
39 69.91545844078064
38 70.01948642730713
38 70.12338733673096
37 70.22735476493835
34 70.33310055732727
32 70.43642401695251
30 70.5391902923584
30 70.64433693885803
28 70.74763298034668
28 70.85104179382324
28 70.9543137550354
28 71.05803370475769
27 71.16320562362671
28 71.26644039154053
28 71.36948776245117
28 71.47277903556824
29 71.57630562782288
29 71.68007683753967
30 71.78293776512146
32 71.88597798347473
34 71.99036645889282
36 72.09569907188416
37 72.19935297966003
37 72.30257844924927
37 72.4061233997345
38 72.51010823249817
38 72.61304974555969
37 72.71676564216614
35 72.8201630115509
31 72.92354726791382
30 73.02870607376099
29 73.13199973106384
29 73.23596668243408
28 73.33956933021545
28 73.4442355632782
27 73.54733753204346
28 73.65131211280823
27 73.75479745864868
27 73.85828185081482
28 73.96106243133545
28 74.06479668617249
30 74.16916871070862
32 74.27299427986145
34 74.37601280212402
36 74.48042368888855
36 74.58384037017822
38 74.68775057792664
40 74.79154396057129
39 74.89482545852661
39 74.99886918067932
39 75.10301113128662
37 75.20775032043457
33 75.31180047988892
31 75.41587162017822
30 75.52079796791077
29 75.62480354309082
28 75.72805881500244
28 75.83169102668762
28 75.93589615821838
28 76.03990197181702
27 76.14323282241821
27 76.24785852432251
27 76.35215306282043
26 76.45646834373474
27 76.56144618988037
27 76.66532897949219
28 76.77055978775024
28 76.87442636489868
29 76.9777569770813
30 77.08153009414673
32 77.1860282421112
33 77.2917332649231
36 77.39512944221497
37 77.49834513664246
38 77.6028254032135
39 77.70698881149292
39 77.8098874092102
41 77.91396450996399
40 78.01757025718689
39 78.12139225006104
38 78.22450804710388
37 78.32791519165039
36 78.43141174316406
33 78.53544187545776
30 78.63994908332825
29 78.74281120300293
28 78.84613132476807
28 78.94945931434631
27 79.05259990692139
27 79.15607571601868
27 79.25919556617737
27 79.3624496459961
27 79.46558666229248
28 79.56969785690308
27 79.67247271537781
27 79.77556657791138
27 79.8786108493805
27 79.9826238155365
28 80.08482384681702
29 80.18761205673218
30 80.29079341888428
32 80.39364218711853
34 80.49712181091309
35 80.60005640983582
37 80.70407962799072
38 80.80729126930237
39 80.91110038757324
40 81.01560616493225
39 81.11921048164368
39 81.22290754318237
37 81.3274564743042
36 81.43149089813232
34 81.53549361228943
31 81.63987755775452
30 81.7433876991272
29 81.84802532196045
28 81.95144653320312
28 82.05497527122498
28 82.15861201286316
27 82.2627170085907
28 82.36569046974182
27 82.46945691108704
27 82.573725938797
27 82.67803001403809
27 82.78051257133484
27 82.88351941108704
27 82.98727202415466
27 83.09043860435486
28 83.19381332397461
29 83.2974123954773
30 83.40050911903381
31 83.50384426116943
33 83.6077790260315
34 83.71022057533264
36 83.81357312202454
38 83.91754984855652
39 84.02117276191711
40 84.12478923797607
40 84.22821497917175
39 84.3321738243103
38 84.43611431121826
37 84.54122042655945
35 84.64553785324097
33 84.74986910820007
31 84.85413312911987
30 84.95944905281067
29 85.06349015235901
29 85.16727781295776
29 85.27167892456055
28 85.37678337097168
28 85.48011422157288
28 85.58414220809937
27 85.68775844573975
27 85.79265308380127
27 85.89675450325012
27 86.00038194656372
27 86.10395526885986
28 86.20826077461243
28 86.31124353408813
29 86.41483283042908
31 86.51889276504517
32 86.62296438217163
33 86.72654795646667
35 86.83026790618896
36 86.93367409706116
38 87.03701448440552
39 87.1406602859497
40 87.24553918838501
39 87.34905815124512
39 87.45262217521667
38 87.55604410171509
36 87.65992593765259
34 87.76341104507446
31 87.86745381355286
30 87.97125792503357
29 88.07470321655273
29 88.17847418785095
29 88.28241968154907
29 88.38677954673767
29 88.49047207832336
28 88.59397459030151
29 88.69751691818237
29 88.80127573013306
28 88.90559911727905
28 89.0093162059784
28 89.11290669441223
29 89.21689558029175
29 89.32029056549072
30 89.42332887649536
31 89.52729177474976
33 89.63156914710999
34 89.73518109321594
35 89.83883047103882
37 89.94251585006714
37 90.04578232765198
38 90.14943385124207
37 90.25384640693665
35 90.35672807693481
34 90.45955634117126
31 90.56314325332642
30 90.66740012168884
29 90.77109265327454
28 90.874826669693
28 90.9783034324646
28 91.08213138580322
27 91.18592381477356
28 91.29025769233704
27 91.39423131942749
27 91.49788236618042
27 91.60185408592224
27 91.7057192325592
28 91.80994200706482
27 91.91424083709717
28 92.01849794387817
30 92.12219452857971
30 92.22650742530823
33 92.3298487663269
34 92.4340181350708
35 92.53711986541748
36 92.64047861099243
36 92.74492263793945
37 92.84853792190552
36 92.95214796066284
36 93.05614495277405
37 93.1592698097229
36 93.26418542861938
34 93.36702966690063
32 93.47058415412903
30 93.57469487190247
30 93.67786598205566
29 93.78279280662537
29 93.88652205467224
29 93.99004578590393
29 94.09489560127258
28 94.1991879940033
28 94.30229926109314
28 94.4063675403595
28 94.51049399375916
28 94.615647315979
28 94.7183723449707
28 94.82170152664185
28 94.92564177513123
29 95.03076434135437
30 95.13405656814575
31 95.23752951622009
32 95.34070992469788
33 95.44372296333313
35 95.54862594604492
36 95.65244221687317
36 95.75600099563599
37 95.85920214653015
37 95.96272706985474
36 96.06627202033997
35 96.16978168487549
33 96.27469038963318
31 96.37979745864868
30 96.48280763626099
29 96.58704233169556
29 96.69116640090942
28 96.79583549499512
28 96.89924812316895
28 97.00322723388672
28 97.10737538337708
28 97.21139001846313
28 97.31453084945679
28 97.41863083839417
28 97.52311301231384
28 97.62681317329407
29 97.73047423362732
29 97.83337759971619
31 97.93749165534973
31 98.04182195663452
33 98.1460509300232
34 98.24973464012146
36 98.35277795791626
37 98.455974817276
38 98.56064867973328
38 98.66515851020813
39 98.7694137096405
38 98.87301445007324
38 98.97867679595947
35 99.08157920837402
33 99.18525123596191
31 99.28973698616028
30 99.39483904838562
29 99.4980161190033
30 99.60130977630615
28 99.70598912239075
28 99.81046962738037
28 99.91346645355225
28 100.01652312278748
28 100.12022089958191
28 100.22461724281311
28 100.32699131965637
28 100.43068218231201
29 100.53416967391968
30 100.63870906829834
31 100.74202108383179
32 100.84516501426697
33 100.94859743118286
34 101.05242228507996
35 101.15734815597534
36 101.26091527938843
37 101.36431670188904
37 101.46812629699707
37 101.57246565818787
36 101.67686915397644
34 101.78111124038696
32 101.88528633117676
31 101.98924612998962
30 102.0934829711914
29 102.19696569442749
28 102.29999208450317
28 102.40325164794922
28 102.50653982162476
28 102.61074757575989
28 102.7138614654541
27 102.81707096099854
28 102.92127418518066
27 103.02411890029907
27 103.12693858146667
28 103.22998309135437
29 103.33350944519043
29 103.43684315681458
29 103.54080295562744
30 103.6436984539032
31 103.74725556373596
32 103.85113310813904
34 103.95368909835815
34 104.0572075843811
35 104.16015911102295
37 104.26456785202026
37 104.36852192878723
37 104.47225332260132
37 104.57571268081665
35 104.67924165725708
34 104.78276228904724
33 104.8857421875
30 104.98944234848022
30 105.09314322471619
29 105.19818639755249
28 105.30144929885864
28 105.40553617477417
27 105.50991773605347
28 105.6135356426239
28 105.71736931800842
27 105.82085013389587
28 105.92378997802734
27 106.02746319770813
27 106.13189935684204
28 106.23568105697632
28 106.33953189849854
29 106.44262337684631
30 106.54782342910767
32 106.65214085578918
34 106.75569772720337
36 106.85947513580322
37 106.96264219284058
38 107.06539964675903
39 107.16910648345947
38 107.2730770111084
37 107.37717342376709
36 107.48150300979614
36 107.58487105369568
34 107.68864631652832
31 107.79227948188782
29 107.89577007293701
29 107.9989984035492
29 108.10248064994812
28 108.20561504364014
28 108.30870366096497
27 108.41186165809631
28 108.5151720046997
27 108.61894130706787
27 108.72422647476196
28 108.82891273498535
28 108.93269538879395
28 109.03572916984558
29 109.14024043083191
30 109.24359846115112
31 109.34701943397522
32 109.45056629180908
35 109.55390787124634
36 109.6572618484497
36 109.75994896888733
37 109.86302542686462
37 109.96753311157227
36 110.0715959072113
36 110.17698931694031
35 110.27998113632202
33 110.38286542892456
32 110.48641967773438
30 110.59228491783142
29 110.69651675224304
28 110.80090737342834
28 110.90447640419006
27 111.00836634635925
27 111.11235547065735
27 111.21582221984863
27 111.32089638710022
27 111.42431426048279
27 111.52746725082397
27 111.63043355941772
27 111.73322081565857
27 111.83650851249695
28 111.94120669364929
29 112.04529976844788
30 112.1495246887207
31 112.25378751754761
34 112.35802125930786
36 112.46131825447083
38 112.56477904319763
39 112.66940546035767
39 112.77294278144836
39 112.8759982585907
41 112.980140209198
40 113.08404445648193
39 113.18800473213196
38 113.29124999046326
36 113.39449095726013
32 113.49816560745239
31 113.60192775726318
30 113.70622611045837
29 113.81000232696533
29 113.9145565032959
29 114.01824069023132
29 114.12179684638977
29 114.22541379928589
29 114.32906126976013
28 114.43349814414978
28 114.53697466850281
28 114.6403374671936
28 114.74519968032837
29 114.85077166557312
30 114.95397210121155
30 115.05720138549805
31 115.16032934188843
31 115.26488780975342
31 115.36993670463562
31 115.47287082672119
31 115.57666754722595
32 115.67998552322388
34 115.78404951095581
35 115.88842391967773
36 115.99132752418518
38 116.09488892555237
38 116.19963717460632
38 116.30485153198242
37 116.40798783302307
37 116.5112988948822
36 116.61566090583801
34 116.72033286094666
32 116.82366037368774
31 116.92672562599182
31 117.03048634529114
31 117.13510036468506
30 117.23858880996704
29 117.34199571609497
29 117.44685506820679
29 117.55170011520386
28 117.65510511398315
28 117.75872111320496
27 117.86263513565063
28 117.96698260307312
27 118.06953573226929
27 118.1731276512146
28 118.2768702507019
28 118.38158988952637
29 118.48540353775024
29 118.5899806022644
31 118.69456124305725
30 118.79851484298706
31 118.90242004394531
33 119.00710797309875
34 119.11082220077515
35 119.2147126197815
36 119.31889462471008
37 119.42249298095703
38 119.5263340473175
38 119.6310338973999
38 119.73521614074707
37 119.83851385116577
37 119.94190001487732
36 120.04620885848999
