20 1.1920928955078125e-06
21 0.6606040000915527
20 0.7653014659881592
20 0.8678267002105713
20 0.9698281288146973
20 1.0719358921051025
20 1.1741337776184082
20 1.276146650314331
19 1.3783211708068848
19 1.480654001235962
19 1.583040714263916
20 1.6856415271759033
20 1.7879197597503662
20 1.8901991844177246
20 1.992466926574707
21 2.0948004722595215
21 2.1971235275268555
21 2.2994461059570312
21 2.401742458343506
22 2.5040555000305176
22 2.6063454151153564
22 2.708683490753174
22 2.8105695247650146
22 2.9131407737731934
22 3.0160181522369385
21 3.1185054779052734
21 3.2210164070129395
21 3.32334041595459
21 3.4256396293640137
20 3.5280277729034424
20 3.6306185722351074
20 3.733064651489258
20 3.8357818126678467
20 3.938241481781006
20 4.040752172470093
20 4.143535852432251
20 4.246508836746216
20 4.349144220352173
21 4.451703786849976
21 4.554075479507446
21 4.65647029876709
21 4.758723497390747
21 4.8610570430755615
22 4.9634130001068115
22 5.065844535827637
22 5.168242692947388
22 5.270676136016846
22 5.372926235198975
21 5.4752256870269775
21 5.577351331710815
21 5.679656744003296
21 5.782287836074829
21 5.885180950164795
20 5.98767614364624
20 6.090060710906982
20 6.192666530609131
20 6.295000314712524
20 6.3973283767700195
20 6.499693155288696
21 6.6019721031188965
21 6.704320669174194
21 6.806689262390137
21 6.9091408252716064
21 7.011524438858032
22 7.114132642745972
22 7.216460704803467
22 7.318735122680664
22 7.421107053756714
22 7.523579359054565
21 7.626010179519653
21 7.728294372558594
21 7.8305604457855225
21 7.932803153991699
21 8.035091638565063
20 8.137491703033447
20 8.239949941635132
20 8.342307090759277
20 8.444733619689941
20 8.547675132751465
20 8.650029420852661
21 8.752371072769165
21 8.85477900505066
21 8.957355260848999
21 9.059765100479126
22 9.162142276763916
22 9.26453685760498
22 9.366843461990356
22 9.469624280929565
22 9.572041034698486
22 9.67439579963684
22 9.776646137237549
22 9.879244089126587
22 9.981980085372925
21 10.085109949111938
21 10.18749475479126
21 10.289896011352539
21 10.392643928527832
20 10.495535135269165
20 10.59804081916809
20 10.700616836547852
20 10.80325436592102
20 10.905667304992676
20 11.008101463317871
20 11.11041784286499
20 11.21265983581543
21 11.315534591674805
21 11.418371677398682
21 11.520591735839844
21 11.62294054031372
22 11.725212574005127
22 11.827553749084473
22 11.930135726928711
22 12.032499551773071
22 12.134882926940918
21 12.237290859222412
21 12.339523315429688
21 12.441841125488281
20 12.544113874435425
20 12.64604663848877
20 12.748260498046875
20 12.850903987884521
20 12.953114032745361
20 13.055340051651001
20 13.157598972320557
20 13.260097742080688
20 13.362417697906494
21 13.46514344215393
21 13.567697048187256
21 13.670222043991089
21 13.772614002227783
21 13.875072717666626
22 13.977494478225708
22 14.080224990844727
22 14.182615756988525
22 14.285063982009888
22 14.387595176696777
22 14.490031242370605
21 14.592310905456543
21 14.694823503494263
21 14.797431468963623
21 14.899943590164185
21 15.002231359481812
20 15.104548454284668
20 15.206952810287476
20 15.309491395950317
20 15.411888837814331
20 15.51487112045288
20 15.617366313934326
20 15.71963095664978
20 15.822152376174927
21 15.924636602401733
21 16.027231693267822
21 16.129754066467285
21 16.232142686843872
22 16.33491826057434
22 16.43754243850708
22 16.541478633880615
22 16.645020246505737
22 16.748236417770386
22 16.851790189743042
21 16.955798387527466
21 17.060170650482178
21 17.163808345794678
21 17.266843557357788
20 17.37047004699707
20 17.474165201187134
20 17.578163862228394
20 17.68184232711792
19 17.785144329071045
19 17.888840913772583
19 17.994481801986694
20 18.099276065826416
20 18.203120470046997
20 18.308261394500732
21 18.4141104221344
21 18.517005681991577
21 18.62117028236389
21 18.724128484725952
21 18.827821254730225
22 18.932686805725098
22 19.036909580230713
22 19.14030361175537
22 19.24347949028015
22 19.346904516220093
21 19.450268745422363
21 19.55348229408264
21 19.657546043395996
20 19.761197805404663
20 19.8641095161438
20 19.96858787536621
20 20.074547052383423
19 20.17970323562622
19 20.283116340637207
20 20.38764190673828
20 20.491421222686768
20 20.595860958099365
20 20.698927402496338
21 20.802693128585815
21 20.90710687637329
21 21.0107638835907
21 21.1156587600708
21 21.219423294067383
21 21.32286810874939
22 21.428027391433716
22 21.532369136810303
22 21.63539457321167
22 21.73987913131714
21 21.845106840133667
21 21.95010781288147
21 22.053284645080566
21 22.156407356262207
20 22.261045217514038
20 22.36581254005432
20 22.469214916229248
20 22.574487924575806
20 22.678805828094482
20 22.784080505371094
20 22.887882709503174
20 22.992040395736694
20 23.09686779975891
21 23.20137047767639
21 23.304635286331177
21 23.409056663513184
21 23.51425552368164
21 23.6194908618927
21 23.722956657409668
21 23.826171159744263
21 23.929899215698242
21 24.034632205963135
21 24.1382417678833
21 24.242095947265625
21 24.345937490463257
20 24.450064659118652
20 24.554230213165283
20 24.657543182373047
20 24.761765003204346
20 24.86729407310486
19 24.970598220825195
19 25.074849605560303
20 25.18037724494934
20 25.286384105682373
20 25.38989567756653
21 25.49472188949585
21 25.599637985229492
21 25.702548027038574
21 25.80622386932373
21 25.91063094139099
21 26.014422178268433
21 26.118628978729248
21 26.2224440574646
22 26.326005220413208
21 26.429753303527832
21 26.534464836120605
21 26.6377911567688
21 26.742822647094727
20 26.848204374313354
20 26.95227837562561
20 27.055325269699097
20 27.16025948524475
19 27.265353202819824
19 27.369129180908203
19 27.472182035446167
19 27.575616359710693
20 27.680901527404785
20 27.78555917739868
20 27.889729261398315
21 27.99270009994507
21 28.09656524658203
21 28.200987100601196
21 28.304744958877563
21 28.407813787460327
21 28.51122736930847
22 28.614652633666992
22 28.717482566833496
22 28.821710348129272
21 28.92479109764099
21 29.02869486808777
21 29.13214349746704
20 29.23525643348694
20 29.338841199874878
20 29.442489624023438
20 29.54643201828003
19 29.650243759155273
19 29.75348448753357
19 29.857002019882202
19 29.961578845977783
20 30.066479206085205
20 30.17010760307312
20 30.274831295013428
21 30.380629539489746
21 30.484069108963013
21 30.587366104125977
21 30.691598176956177
21 30.795952796936035
22 30.900060176849365
22 31.003615140914917
22 31.107688903808594
22 31.211434841156006
22 31.315078258514404
21 31.41853141784668
21 31.52276921272278
21 31.626813650131226
21 31.731976985931396
20 31.835448503494263
20 31.940088510513306
20 32.04454731941223
20 32.150495529174805
19 32.25505590438843
19 32.35999894142151
19 32.46514081954956
19 32.567893981933594
20 32.67134213447571
20 32.77583074569702
20 32.880191802978516
21 32.98450803756714
21 33.08896517753601
21 33.19340658187866
21 33.297149419784546
21 33.40141296386719
21 33.504966735839844
21 33.609033823013306
21 33.712780237197876
21 33.81630539894104
21 33.91972589492798
21 34.02394104003906
20 34.12899732589722
20 34.23315215110779
20 34.3364794254303
20 34.440284967422485
19 34.544721841812134
19 34.649452686309814
19 34.752471685409546
19 34.85639691352844
19 34.96024513244629
20 35.06388545036316
20 35.16672730445862
20 35.26986742019653
21 35.37469720840454
21 35.47850251197815
21 35.58303689956665
21 35.686606645584106
21 35.790921211242676
21 35.894068002700806
21 35.99710297584534
21 36.10028696060181
21 36.203983783721924
21 36.307626247406006
21 36.41153335571289
21 36.51517939567566
21 36.61938142776489
20 36.72408175468445
20 36.82918620109558
20 36.93258857727051
20 37.037230253219604
20 37.141074419021606
19 37.244773149490356
19 37.34880185127258
19 37.452744007110596
20 37.558560848236084
20 37.66327881813049
20 37.76674509048462
20 37.86977982521057
21 37.97398114204407
21 38.07744026184082
21 38.181528091430664
21 38.28518223762512
21 38.389748334884644
21 38.494521141052246
22 38.59819984436035
22 38.70191764831543
22 38.80526399612427
21 38.909038066864014
21 39.014132499694824
21 39.11784529685974
21 39.221925497055054
20 39.32604265213013
20 39.43075227737427
20 39.53420042991638
20 39.63777565956116
20 39.74301767349243
20 39.849140644073486
20 39.9523811340332
20 40.057499408721924
20 40.16289043426514
20 40.267959117889404
21 40.37122964859009
21 40.47649145126343
21 40.58101272583008
21 40.684189319610596
21 40.787867069244385
21 40.89171862602234
21 40.995885133743286
21 41.10005831718445
21 41.20366311073303
21 41.30689835548401
21 41.41036343574524
21 41.515297174453735
21 41.61889338493347
21 41.72303581237793
20 41.82632112503052
20 41.93012094497681
20 42.03364181518555
20 42.137383699417114
19 42.24076867103577
19 42.34505772590637
19 42.44979214668274
20 42.55298161506653
20 42.65837025642395
20 42.761757612228394
20 42.86627125740051
21 42.96947479248047
21 43.0731303691864
21 43.17682075500488
21 43.28166842460632
21 43.38478684425354
21 43.48770093917847
21 43.59131145477295
21 43.69533038139343
21 43.798686027526855
21 43.90235495567322
21 44.00607657432556
21 44.109487533569336
20 44.21187376976013
20 44.31556224822998
20 44.41926693916321
20 44.52373957633972
19 44.627859115600586
19 44.73158621788025
20 44.83471417427063
20 44.93837356567383
20 45.043047189712524
20 45.1462767124176
21 45.24989056587219
21 45.353145599365234
21 45.45834398269653
21 45.56168222427368
21 45.66547608375549
21 45.76917862892151
21 45.87299704551697
21 45.97686243057251
21 46.081154346466064
21 46.18472719192505
21 46.288565158843994
21 46.39178252220154
21 46.49495530128479
20 46.60012102127075
20 46.703917026519775
20 46.80858325958252
20 46.9127357006073
19 47.01654124259949
19 47.12021589279175
19 47.223939657211304
20 47.327150106430054
20 47.4312310218811
20 47.53461790084839
21 47.63833236694336
21 47.74082279205322
21 47.84425449371338
21 47.947481632232666
21 48.052064418792725
21 48.15744924545288
21 48.26052808761597
21 48.36488914489746
21 48.46896052360535
21 48.57197022438049
21 48.67573547363281
20 48.77946996688843
20 48.883474588394165
20 48.9870126247406
20 49.09100842475891
20 49.19493770599365
19 49.29814529418945
19 49.40219736099243
19 49.506789207458496
19 49.61097955703735
19 49.714590549468994
19 49.81884813308716
19 49.922730684280396
19 50.026368379592896
20 50.13051772117615
20 50.23420023918152
20 50.33872890472412
20 50.44252276420593
21 50.54650688171387
21 50.64968299865723
21 50.753689765930176
21 50.85720634460449
21 50.9609055519104
21 51.064823150634766
21 51.16862082481384
21 51.27212691307068
21 51.37523579597473
21 51.47953701019287
21 51.582186222076416
21 51.68779253959656
21 51.79185152053833
20 51.89558124542236
20 52.00015068054199
20 52.105085372924805
20 52.21010684967041
19 52.31460738182068
19 52.41888928413391
19 52.52186179161072
20 52.626272439956665
20 52.7303249835968
20 52.83565926551819
20 52.93861937522888
21 53.04326868057251
21 53.14786195755005
21 53.25252151489258
21 53.35597562789917
21 53.45910406112671
21 53.56275415420532
21 53.66705584526062
21 53.77135491371155
21 53.8753662109375
21 53.97924613952637
20 54.08330750465393
20 54.18691372871399
20 54.29091024398804
20 54.395299673080444
20 54.4995493888855
19 54.603922605514526
19 54.70796036720276
19 54.81184411048889
19 54.91715884208679
18 55.020965576171875
18 55.12545680999756
18 55.22849154472351
18 55.332231521606445
18 55.43641519546509
18 55.5395724773407
18 55.64285469055176
18 55.74746918678284
18 55.85299110412598
19 55.95643448829651
19 56.059961557388306
19 56.16323280334473
19 56.26756548881531
20 56.37095355987549
20 56.47445726394653
20 56.57838678359985
21 56.68332481384277
21 56.787877321243286
21 56.891796588897705
21 56.994917154312134
21 57.098108530044556
22 57.20147132873535
22 57.304672956466675
21 57.407989263534546
21 57.51226806640625
21 57.61661696434021
21 57.72035574913025
20 57.825050592422485
20 57.92903017997742
20 58.033403396606445
20 58.13594365119934
19 58.23923850059509
19 58.34276342391968
19 58.44755983352661
19 58.55301022529602
19 58.65626120567322
19 58.760148763656616
19 58.86398196220398
20 58.968565225601196
20 59.0721001625061
20 59.17591428756714
20 59.28015184402466
20 59.38402318954468
21 59.4873321056366
21 59.59116268157959
21 59.69561553001404
21 59.800503969192505
21 59.90370726585388
21 60.007463455200195
21 60.11277675628662
21 60.21762681007385
21 60.32054805755615
21 60.42608284950256
21 60.53088164329529
20 60.635154724121094
20 60.73815393447876
20 60.841824769973755
20 60.94568872451782
19 61.04994344711304
19 61.153345823287964
19 61.25729513168335
19 61.36096978187561
19 61.46494746208191
19 61.56708788871765
20 61.67017650604248
20 61.77506709098816
20 61.87896990776062
20 61.98258304595947
21 62.08604574203491
21 62.18902325630188
21 62.29309844970703
21 62.39657282829285
21 62.50017261505127
21 62.60415434837341
21 62.70812106132507
21 62.812424421310425
21 62.9151828289032
21 63.01944708824158
20 63.12410640716553
20 63.22892212867737
20 63.33219027519226
20 63.435890913009644
19 63.539143085479736
19 63.64279508590698
19 63.74749040603638
19 63.8517382144928
19 63.95648384094238
19 64.0609564781189
20 64.16552257537842
20 64.26900434494019
21 64.37418174743652
21 64.47883224487305
21 64.58391523361206
21 64.6875159740448
22 64.79360723495483
22 64.89730548858643
22 65.00253486633301
22 65.10631585121155
22 65.21244740486145
22 65.31794762611389
22 65.42151188850403
21 65.52665996551514
21 65.63041543960571
21 65.73560452461243
21 65.83866763114929
20 65.94215774536133
20 66.04643321037292
20 66.15112042427063
20 66.25424909591675
19 66.35859632492065
19 66.46368837356567
19 66.56883120536804
20 66.67326760292053
20 66.777334690094
20 66.88123106956482
20 66.98563647270203
21 67.08872723579407
21 67.1926417350769
21 67.29557776451111
21 67.39913988113403
21 67.50262236595154
21 67.60560870170593
21 67.70860052108765
21 67.81363582611084
21 67.9173755645752
21 68.0211832523346
21 68.12449526786804
20 68.22824430465698
20 68.33349204063416
20 68.43674349784851
20 68.54040193557739
20 68.64456510543823
19 68.74837112426758
19 68.851158618927
19 68.95518231391907
19 69.05949306488037
19 69.16394424438477
19 69.26793050765991
20 69.37119054794312
20 69.47503900527954
20 69.57891297340393
20 69.68338418006897
21 69.78699946403503
21 69.89081907272339
21 69.99393129348755
21 70.09760475158691
22 70.20070958137512
22 70.30383729934692
22 70.40859794616699
22 70.5138213634491
21 70.6172022819519
21 70.72100043296814
21 70.82450485229492
20 70.92893767356873
20 71.0329008102417
20 71.13711977005005
20 71.2414562702179
19 71.34509539604187
19 71.44938731193542
19 71.5529432296753
19 71.65702986717224
20 71.7613754272461
20 71.86672234535217
20 71.96989297866821
21 72.07377815246582
21 72.17761969566345
22 72.28175806999207
22 72.3852858543396
22 72.48916864395142
22 72.59416604042053
22 72.6990077495575
22 72.80212545394897
22 72.90706872940063
22 73.01281642913818
22 73.11854887008667
22 73.22212886810303
21 73.32749629020691
21 73.43151330947876
21 73.53409123420715
21 73.63736414909363
20 73.74093699455261
20 73.8447675704956
20 73.94839906692505
20 74.05175375938416
20 74.15540671348572
19 74.25951528549194
19 74.36291861534119
19 74.46562600135803
19 74.56904125213623
19 74.67246341705322
19 74.77548551559448
19 74.87933325767517
20 74.98235869407654
20 75.08604097366333
20 75.18978261947632
20 75.29369378089905
21 75.39863777160645
21 75.50211787223816
21 75.60619497299194
21 75.71060919761658
21 75.81410479545593
21 75.91794776916504
21 76.02233171463013
21 76.12752628326416
21 76.23114895820618
21 76.33441400527954
21 76.43825721740723
21 76.54194188117981
21 76.64628744125366
20 76.74987506866455
20 76.85439014434814
20 76.95881462097168
20 77.06329655647278
20 77.16712713241577
20 77.2709436416626
19 77.37532472610474
19 77.47963452339172
20 77.58332467079163
20 77.68659138679504
20 77.7909426689148
20 77.89527153968811
21 77.9987998008728
21 78.1024432182312
21 78.20662593841553
21 78.31168150901794
21 78.41481685638428
22 78.51869368553162
22 78.62351608276367
22 78.72939133644104
22 78.83368515968323
21 78.93945336341858
21 79.04417443275452
21 79.14653491973877
21 79.2503309249878
21 79.35535907745361
21 79.46101999282837
21 79.56597065925598
20 79.66993546485901
20 79.77451229095459
20 79.87892580032349
20 79.98539328575134
20 80.08889102935791
20 80.19431662559509
20 80.29936075210571
20 80.40254545211792
20 80.5060555934906
20 80.61118960380554
20 80.71645450592041
21 80.81952428817749
21 80.92354035377502
21 81.0272707939148
21 81.13173580169678
21 81.23444318771362
21 81.33830571174622
21 81.44166278839111
21 81.54369902610779
21 81.64750838279724
21 81.75099778175354
21 81.85520148277283
21 81.95860171318054
21 82.0636818408966
21 82.16703295707703
20 82.27091145515442
20 82.3744707107544
20 82.47915554046631
20 82.58230519294739
19 82.68635869026184
19 82.79116368293762
19 82.89561486244202
19 82.99834132194519
19 83.10172009468079
19 83.20534014701843
19 83.31003141403198
20 83.41382551193237
20 83.51746845245361
20 83.6208176612854
20 83.7248592376709
21 83.82977747917175
21 83.93332934379578
21 84.03820705413818
21 84.14386916160583
21 84.24857544898987
21 84.3517918586731
21 84.45657110214233
21 84.56052446365356
21 84.66547012329102
21 84.76853036880493
20 84.87208390235901
20 84.97622871398926
20 85.08076119422913
20 85.18409466743469
19 85.28753399848938
19 85.39092636108398
19 85.4948582649231
19 85.59792971611023
19 85.70076060295105
20 85.80506300926208
20 85.9092767238617
21 86.01453137397766
21 86.11775946617126
21 86.22221970558167
21 86.3262345790863
21 86.43173456192017
22 86.53476643562317
22 86.63977646827698
22 86.7446277141571
22 86.84717988967896
22 86.95031881332397
22 87.05490684509277
21 87.1602246761322
21 87.2655622959137
21 87.36887097358704
21 87.47403359413147
20 87.5787878036499
20 87.68139338493347
20 87.78522181510925
19 87.88999795913696
19 87.99521446228027
19 88.10108089447021
19 88.20493793487549
19 88.30830812454224
20 88.41266131401062
20 88.5164635181427
20 88.62013268470764
20 88.72375798225403
20 88.82738327980042
21 88.93337297439575
21 89.03663873672485
21 89.14087724685669
21 89.24576830863953
21 89.35112118721008
21 89.45473265647888
21 89.55832600593567
21 89.66289210319519
21 89.76781702041626
21 89.87171077728271
21 89.97684216499329
20 90.08028101921082
20 90.18402409553528
20 90.28836131095886
20 90.39390540122986
19 90.49767518043518
19 90.60005235671997
19 90.70311641693115
19 90.80820608139038
19 90.9130027294159
19 91.01869416236877
19 91.12241506576538
20 91.2258403301239
20 91.3296959400177
20 91.43319129943848
20 91.53680610656738
21 91.63996744155884
21 91.74360179901123
21 91.84721517562866
21 91.95031642913818
21 92.05472159385681
22 92.15818238258362
22 92.26474595069885
22 92.36803388595581
21 92.47183680534363
21 92.57567167282104
21 92.67918801307678
21 92.78197622299194
20 92.88536763191223
20 92.98951601982117
20 93.09423923492432
20 93.19822716712952
19 93.30121755599976
19 93.40480065345764
19 93.50886845588684
19 93.61313343048096
20 93.71734237670898
20 93.82082009315491
20 93.92464256286621
20 94.02893304824829
21 94.13241124153137
21 94.23609375953674
21 94.34015154838562
21 94.44527387619019
21 94.54894518852234
21 94.65256118774414
21 94.75669550895691
21 94.86271357536316
21 94.96643662452698
21 95.06966257095337
21 95.17374396324158
20 95.27826189994812
20 95.3810625076294
20 95.48539686203003
20 95.5905864238739
19 95.69564247131348
19 95.79841685295105
19 95.90181112289429
19 96.00566816329956
19 96.10941195487976
19 96.21432161331177
20 96.31835079193115
20 96.42274355888367
20 96.52653908729553
20 96.63137412071228
21 96.73526334762573
21 96.8388319015503
21 96.94316959381104
21 97.04827666282654
21 97.15211367607117
21 97.25599551200867
21 97.36075735092163
21 97.4649441242218
21 97.56801462173462
21 97.67147755622864
21 97.77607703208923
21 97.88126397132874
20 97.98458313941956
20 98.08983540534973
20 98.1944432258606
20 98.29790186882019
19 98.40128254890442
19 98.5046112537384
19 98.60905241966248
19 98.71282482147217
19 98.81699061393738
19 98.92058682441711
19 99.02458167076111
19 99.12934494018555
19 99.23357820510864
19 99.33611297607422
20 99.44037199020386
20 99.5454592704773
20 99.6489155292511
20 99.75236821174622
21 99.8559467792511
21 99.96119451522827
21 100.06450986862183
21 100.16756892204285
21 100.27147054672241
21 100.37485122680664
21 100.47954058647156
21 100.5829610824585
21 100.68659019470215
21 100.79024195671082
20 100.89411687850952
20 100.99750924110413
20 101.10186314582825
20 101.20568561553955
20 101.30986666679382
19 101.4131088256836
19 101.51643586158752
19 101.62165355682373
19 101.72684812545776
19 101.82974600791931
19 101.93315243721008
19 102.03700041770935
19 102.14070153236389
19 102.24463272094727
20 102.34809160232544
20 102.45090293884277
20 102.55443572998047
20 102.65851926803589
21 102.76289296150208
21 102.86741542816162
21 102.97122168540955
21 103.07465839385986
21 103.17771744728088
21 103.28147792816162
21 103.38597798347473
21 103.49082112312317
21 103.59363031387329
21 103.6966564655304
21 103.8006021976471
21 103.90435290336609
21 104.00887942314148
20 104.11215782165527
20 104.21611785888672
20 104.32096409797668
20 104.42594742774963
19 104.53018498420715
19 104.63469338417053
19 104.7396948337555
19 104.84476828575134
19 104.94888544082642
19 105.05281805992126
20 105.15759563446045
20 105.26066255569458
20 105.36442565917969
20 105.46934628486633
21 105.57466197013855
21 105.67909169197083
21 105.78334784507751
21 105.88778781890869
21 105.99252533912659
21 106.09637093544006
21 106.199538230896
21 106.30454397201538
21 106.40937423706055
21 106.51455116271973
21 106.617591381073
21 106.72249031066895
21 106.82681512832642
20 106.9306492805481
20 107.0338408946991
20 107.13797187805176
20 107.24370408058167
19 107.34616899490356
19 107.44978666305542
19 107.55494523048401
19 107.65953660011292
19 107.76351356506348
20 107.8665816783905
20 107.97052931785583
20 108.07425045967102
21 108.17823219299316
21 108.28131413459778
21 108.38478231430054
21 108.48903799057007
21 108.5924506187439
21 108.69528102874756
21 108.79921841621399
21 108.90449070930481
21 109.00967144966125
21 109.1129322052002
21 109.21618294715881
21 109.3203558921814
21 109.4255142211914
21 109.52814197540283
20 109.63131618499756
20 109.73544836044312
20 109.83966112136841
20 109.94415307044983
19 110.04746103286743
19 110.15159463882446
19 110.2558867931366
19 110.35936880111694
19 110.46338748931885
20 110.56743025779724
20 110.67170333862305
20 110.77523398399353
20 110.87839913368225
21 110.9821367263794
21 111.08551955223083
21 111.18947172164917
21 111.29291105270386
21 111.39654111862183
21 111.50037121772766
21 111.60453677177429
21 111.70938062667847
21 111.81401348114014
21 111.91778540611267
21 112.02210092544556
21 112.12707161903381
21 112.23150420188904
20 112.33578562736511
20 112.43916749954224
20 112.54303455352783
20 112.64646911621094
20 112.74999499320984
20 112.85367703437805
19 112.9572172164917
19 113.06102705001831
19 113.1658411026001
19 113.27081847190857
19 113.37586069107056
19 113.47927188873291
19 113.58303022384644
20 113.68809986114502
20 113.79205012321472
20 113.89632439613342
20 114.00171399116516
21 114.10696530342102
21 114.2119972705841
21 114.3152551651001
21 114.41881895065308
21 114.52206206321716
21 114.62614464759827
21 114.73025274276733
21 114.83373641967773
21 114.93757390975952
21 115.04208874702454
21 115.14497566223145
20 115.24865794181824
20 115.35284566879272
20 115.45610475540161
20 115.55997586250305
20 115.66428637504578
19 115.76953387260437
19 115.87406659126282
19 115.97708988189697
19 116.08053779602051
19 116.18560194969177
19 116.28935146331787
20 116.39434051513672
20 116.49914598464966
20 116.60308408737183
20 116.7078104019165
20 116.81072092056274
21 116.9141685962677
21 117.01847338676453
21 117.12336468696594
21 117.22865629196167
21 117.33186435699463
21 117.43510627746582
21 117.5388572216034
21 117.64329791069031
21 117.74634790420532
21 117.84976124763489
21 117.95313143730164
21 118.05687117576599
21 118.1609194278717
20 118.26508593559265
20 118.36888456344604
20 118.47385835647583
20 118.5776424407959
20 118.68203616142273
19 118.78558421134949
19 118.89041018486023
19 118.99406170845032
20 119.0985221862793
20 119.20305490493774
20 119.30781507492065
20 119.41133737564087
21 119.51452112197876
21 119.61878085136414
21 119.72397065162659
21 119.82737755775452
21 119.93181562423706
21 120.03701400756836
