114 9.5367431640625e-07
89 0.6291797161102295
88 0.7317135334014893
90 0.8338580131530762
92 0.9358210563659668
92 1.0382602214813232
95 1.1407320499420166
95 1.2435636520385742
91 1.346069097518921
94 1.4485523700714111
93 1.5511674880981445
92 1.6537160873413086
96 1.7558634281158447
96 1.8580348491668701
98 1.9605367183685303
96 2.0628998279571533
98 2.1652140617370605
98 2.2675416469573975
98 2.369952440261841
99 2.472450017929077
98 2.57521915435791
98 2.6777713298797607
100 2.780238389968872
99 2.88287091255188
99 2.985478162765503
91 3.0878889560699463
91 3.190300941467285
89 3.2924845218658447
91 3.394477367401123
90 3.4967222213745117
89 3.5988962650299072
86 3.701108694076538
86 3.8032195568084717
86 3.9053428173065186
85 4.007524013519287
84 4.110436677932739
84 4.213202714920044
83 4.315314054489136
83 4.417439937591553
80 4.5196692943573
81 4.622035264968872
80 4.724751949310303
81 4.8271355628967285
82 4.929389953613281
86 5.031668663024902
87 5.133790016174316
91 5.236117839813232
92 5.338540077209473
92 5.440829038619995
90 5.543349504470825
89 5.645733118057251
96 5.748344421386719
97 5.850538730621338
95 5.95274019241333
95 6.054967403411865
94 6.1573381423950195
94 6.259664535522461
93 6.3621673583984375
91 6.464343070983887
93 6.566704988479614
91 6.6690874099731445
91 6.771214008331299
90 6.873799800872803
91 6.976388931274414
91 7.078710317611694
92 7.181001901626587
89 7.283342361450195
87 7.385537385940552
88 7.487900018692017
88 7.590275049209595
89 7.692723989486694
88 7.795248031616211
90 7.897599220275879
89 8.000266075134277
92 8.10269546508789
93 8.205029726028442
93 8.30737590789795
96 8.409936428070068
95 8.512307167053223
96 8.614655256271362
95 8.716974258422852
98 8.819365739822388
98 8.921808004379272
98 9.024333953857422
97 9.127058029174805
100 9.2295241355896
100 9.331874370574951
98 9.434258699417114
98 9.536632299423218
97 9.639014720916748
97 9.741060972213745
96 9.843454122543335
96 9.945809841156006
95 10.048067331314087
95 10.150175094604492
95 10.252314805984497
93 10.354475975036621
93 10.456759929656982
95 10.559030055999756
94 10.661595106124878
93 10.764051675796509
91 10.866367816925049
90 10.968756198883057
90 11.071030616760254
90 11.173327207565308
90 11.275666236877441
90 11.377809047698975
88 11.48016619682312
89 11.582441091537476
87 11.684517621994019
89 11.786861658096313
89 11.889180183410645
90 11.991462469100952
91 12.093692541122437
92 12.196243524551392
91 12.298668146133423
93 12.401021718978882
94 12.503161430358887
93 12.605352878570557
94 12.707782506942749
93 12.810571908950806
93 12.912845611572266
92 13.015322208404541
93 13.117574453353882
93 13.219826221466064
91 13.322212219238281
91 13.424582958221436
90 13.527010679244995
91 13.629465341567993
91 13.731980562210083
91 13.834000825881958
88 13.936894416809082
90 14.039584875106812
89 14.142310857772827
89 14.245525598526001
88 14.3484046459198
88 14.451411724090576
90 14.554392099380493
91 14.656649112701416
91 14.759162902832031
92 14.861531257629395
90 14.964032411575317
92 15.067218542098999
93 15.17101764678955
93 15.273869276046753
94 15.377875328063965
95 15.481329917907715
98 15.584681987762451
96 15.689972162246704
98 15.793765306472778
101 15.897928714752197
102 16.001514196395874
102 16.105966329574585
102 16.209872722625732
102 16.314177751541138
101 16.418466567993164
100 16.522741556167603
98 16.626051425933838
99 16.728973388671875
99 16.832410097122192
99 16.936317443847656
100 17.039775848388672
99 17.143193006515503
99 17.24727201461792
95 17.352343797683716
94 17.455456972122192
92 17.559478759765625
92 17.66390371322632
93 17.768407344818115
92 17.872093200683594
91 17.975325107574463
89 18.079100370407104
85 18.185361623764038
87 18.288495779037476
88 18.39214515686035
90 18.496832847595215
92 18.60105609893799
94 18.704028606414795
93 18.807061672210693
93 18.91146993637085
95 19.015596628189087
94 19.11969017982483
96 19.224298238754272
97 19.328325033187866
100 19.433746576309204
101 19.536651134490967
100 19.639939785003662
100 19.743595361709595
101 19.847475290298462
100 19.952621936798096
100 20.05552911758423
101 20.158639192581177
100 20.262067317962646
98 20.366892099380493
97 20.47054409980774
95 20.573885440826416
93 20.678303480148315
89 20.781909704208374
90 20.88507342338562
91 20.98882031440735
91 21.092147827148438
91 21.196523904800415
92 21.300780534744263
93 21.404376983642578
93 21.508617162704468
94 21.612152338027954
96 21.715171575546265
96 21.818230390548706
97 21.921329498291016
96 22.027185440063477
95 22.131550073623657
95 22.235490083694458
99 22.3395414352417
99 22.443177461624146
98 22.54856777191162
97 22.652652502059937
98 22.756062746047974
97 22.859686136245728
98 22.963704109191895
99 23.06734538078308
97 23.17153763771057
97 23.274617433547974
96 23.379621982574463
98 23.48381757736206
97 23.586376667022705
96 23.689799785614014
97 23.793431282043457
96 23.898258686065674
95 24.00126600265503
96 24.104635000228882
94 24.20822811126709
95 24.313136339187622
94 24.41628909111023
96 24.520291566848755
95 24.624608993530273
96 24.728897094726562
97 24.831596612930298
97 24.935479402542114
98 25.039961576461792
97 25.145474910736084
98 25.249517679214478
99 25.352685928344727
98 25.4577739238739
102 25.562666654586792
101 25.66537618637085
102 25.76892399787903
101 25.872217655181885
100 25.977134704589844
100 26.0830295085907
102 26.185965538024902
100 26.290446281433105
100 26.395258903503418
101 26.50051760673523
100 26.60413646697998
99 26.708298206329346
99 26.813212871551514
99 26.920207738876343
98 27.024431943893433
97 27.128340244293213
96 27.23249363899231
96 27.33651614189148
97 27.44150161743164
96 27.545050144195557
97 27.649638891220093
95 27.75267243385315
98 27.85751461982727
97 27.96109390258789
98 28.064738035202026
99 28.16988968849182
101 28.273651599884033
100 28.378249168395996
100 28.481865882873535
102 28.584813117980957
103 28.68774127960205
104 28.791734218597412
103 28.8947594165802
104 28.997703313827515
104 29.101289987564087
105 29.20457649230957
104 29.308617115020752
103 29.41228222846985
105 29.517839193344116
104 29.622380256652832
101 29.726624965667725
101 29.830920219421387
100 29.93438410758972
98 30.037784337997437
95 30.141528844833374
95 30.24473786354065
95 30.347781896591187
94 30.4519202709198
95 30.556273460388184
94 30.660416841506958
94 30.76441478729248
94 30.86805558204651
95 30.972275733947754
97 31.075960636138916
99 31.17957353591919
99 31.282705783843994
100 31.386353969573975
101 31.490772247314453
104 31.59589958190918
103 31.698726415634155
104 31.801775693893433
103 31.90690326690674
104 32.011297941207886
102 32.11484384536743
101 32.21799921989441
101 32.32149624824524
101 32.42607831954956
99 32.52957320213318
98 32.63270592689514
98 32.736109018325806
98 32.83957767486572
98 32.94329905509949
97 33.04750609397888
98 33.152177810668945
96 33.255027532577515
94 33.35832643508911
94 33.461217403411865
94 33.56404423713684
95 33.66682553291321
94 33.76992440223694
94 33.87499809265137
94 33.9779269695282
95 34.081435441970825
97 34.18583965301514
98 34.290716886520386
97 34.39410758018494
98 34.49812912940979
100 34.60269856452942
100 34.70620131492615
101 34.80906295776367
102 34.912424087524414
103 35.01615619659424
102 35.12036657333374
102 35.22504901885986
102 35.32857704162598
102 35.4323616027832
100 35.536569595336914
100 35.64134502410889
99 35.74508619308472
100 35.84888529777527
99 35.95309543609619
98 36.057979345321655
99 36.16113471984863
98 36.26477265357971
98 36.368781328201294
98 36.47377324104309
96 36.577067613601685
96 36.68132138252258
95 36.78592324256897
95 36.89034843444824
94 36.99352741241455
95 37.09760856628418
92 37.20307660102844
90 37.308252573013306
90 37.41164827346802
88 37.516730308532715
89 37.620208501815796
90 37.72363829612732
90 37.827422857284546
91 37.93053674697876
92 38.03496241569519
91 38.13958382606506
93 38.24308753013611
92 38.34671187400818
93 38.45078229904175
94 38.555164098739624
94 38.657976388931274
92 38.76149106025696
93 38.86552119255066
93 38.96989965438843
93 39.075234174728394
91 39.17849540710449
92 39.282228231430054
91 39.38650155067444
92 39.49160814285278
92 39.594645738601685
91 39.69973540306091
91 39.80340337753296
91 39.90788125991821
91 40.01131248474121
92 40.11461114883423
92 40.21923875808716
92 40.323678970336914
92 40.42739915847778
92 40.53121042251587
92 40.63651204109192
93 40.740989208221436
94 40.844746589660645
96 40.949196577072144
96 41.052735328674316
96 41.15700101852417
98 41.260090589523315
99 41.36381244659424
99 41.46831512451172
98 41.572654008865356
98 41.67622113227844
99 41.78057622909546
96 41.884389877319336
95 41.98786950111389
97 42.09208655357361
99 42.19557762145996
99 42.300835371017456
98 42.40589380264282
98 42.50897979736328
97 42.612435817718506
97 42.71599316596985
98 42.820035219192505
97 42.92295050621033
98 43.02564549446106
98 43.12933588027954
97 43.23227286338806
97 43.33736705780029
97 43.44055891036987
96 43.54485774040222
95 43.64979124069214
97 43.75481605529785
98 43.858476400375366
97 43.96157360076904
98 44.06552028656006
98 44.16990423202515
99 44.27316641807556
98 44.37727117538452
99 44.480323791503906
101 44.584590673446655
101 44.68739581108093
104 44.79054045677185
103 44.89492654800415
103 44.998509645462036
105 45.10310363769531
104 45.20704364776611
102 45.311354637145996
101 45.414846658706665
100 45.51896262168884
99 45.62273383140564
99 45.72570252418518
98 45.82949161529541
97 45.9340980052948
97 46.03695297241211
97 46.141276597976685
97 46.24596953392029
97 46.35038733482361
97 46.45318102836609
96 46.55596446990967
97 46.65967082977295
95 46.76455497741699
94 46.86934971809387
90 46.972984075546265
91 47.07673239707947
91 47.18059468269348
93 47.28502058982849
94 47.38796377182007
92 47.491243839263916
90 47.595056772232056
91 47.698436975479126
91 47.801196575164795
92 47.90531587600708
95 48.009169578552246
95 48.113494873046875
97 48.217220067977905
96 48.320427894592285
96 48.42405962944031
95 48.52814841270447
97 48.632548332214355
97 48.735926389694214
98 48.84019684791565
95 48.945221185684204
96 49.04923892021179
97 49.152994871139526
97 49.256210803985596
97 49.3606162071228
96 49.46520709991455
96 49.56885123252869
95 49.67219662666321
93 49.77549338340759
94 49.88060975074768
93 49.983534812927246
94 50.08686089515686
92 50.19112682342529
94 50.296159505844116
92 50.398666858673096
93 50.50212574005127
94 50.60657000541687
95 50.70995354652405
95 50.8145170211792
97 50.91753911972046
98 51.02100372314453
100 51.124295711517334
99 51.229336738586426
99 51.33348274230957
100 51.436330795288086
100 51.53999710083008
101 51.644365072250366
107 51.74800515174866
103 51.85271191596985
104 51.95728373527527
104 52.06134557723999
102 52.164684534072876
103 52.26748442649841
100 52.37041091918945
100 52.475663900375366
100 52.58159136772156
100 52.685312271118164
97 52.79033803939819
96 52.894122838974
96 52.996593713760376
96 53.10066771507263
97 53.20454239845276
93 53.30806350708008
92 53.41278123855591
92 53.51616024971008
90 53.62072229385376
91 53.726362228393555
94 53.831536293029785
94 53.93502736091614
96 54.039013624191284
96 54.143648862838745
96 54.246015787124634
98 54.34903264045715
100 54.45289468765259
101 54.557252407073975
99 54.661789655685425
98 54.764907360076904
99 54.869152545928955
99 54.9727246761322
99 55.076619148254395
98 55.17996263504028
102 55.28352880477905
100 55.38727784156799
99 55.49097681045532
98 55.59624266624451
98 55.69916224479675
99 55.802183628082275
100 55.90537190437317
99 56.01122283935547
98 56.11467885971069
97 56.217822790145874
100 56.32114219665527
106 56.426241636276245
112 56.530261754989624
118 56.633387327194214
123 56.73674154281616
128 56.841434717178345
130 56.9449348449707
134 57.04861378669739
134 57.1519136428833
133 57.25558137893677
131 57.35974311828613
128 57.46429419517517
130 57.5685760974884
126 57.67360496520996
123 57.7781777381897
121 57.88122057914734
123 57.986828565597534
120 58.09185481071472
117 58.19478487968445
117 58.29913806915283
114 58.40286374092102
114 58.50768566131592
114 58.61138701438904
114 58.71541929244995
113 58.819759130477905
112 58.92421889305115
110 59.027888774871826
112 59.131673097610474
110 59.235307693481445
111 59.339231729507446
111 59.44397473335266
108 59.54716420173645
110 59.65074896812439
111 59.754483222961426
111 59.85935091972351
112 59.96220111846924
114 60.065505027770996
115 60.16868209838867
116 60.27224063873291
116 60.37697076797485
115 60.48076248168945
113 60.58581590652466
112 60.689603328704834
113 60.794602155685425
112 60.89767503738403
111 61.001301527023315
111 61.10659646987915
110 61.2109739780426
111 61.315298557281494
109 61.42010307312012
108 61.52447152137756
107 61.62708020210266
107 61.73021626472473
107 61.83385872840881
106 61.93800616264343
105 62.04330587387085
105 62.14699196815491
102 62.25084185600281
98 62.35475158691406
94 62.459230184555054
93 62.56295371055603
91 62.66671919822693
92 62.77089834213257
90 62.87470293045044
90 62.97816872596741
90 63.081785678863525
92 63.18559765815735
91 63.28968858718872
92 63.39274501800537
94 63.49682116508484
94 63.600773096084595
94 63.7056941986084
97 63.80806493759155
98 63.911393880844116
100 64.01538944244385
100 64.1190299987793
101 64.22296857833862
103 64.32594037055969
107 64.42982721328735
107 64.5334529876709
106 64.63677644729614
105 64.73999524116516
106 64.84389972686768
107 64.94767761230469
107 65.05126523971558
107 65.15529584884644
106 65.25833821296692
105 65.36246275901794
106 65.46589469909668
105 65.57114672660828
101 65.67441368103027
102 65.77953672409058
102 65.88430285453796
102 65.99032521247864
100 66.09353804588318
98 66.19888401031494
96 66.30371832847595
97 66.40699338912964
95 66.5104808807373
96 66.61411643028259
95 66.71834897994995
95 66.82239747047424
95 66.92631077766418
97 67.03012657165527
98 67.13368821144104
100 67.2370913028717
100 67.34061193466187
101 67.44430947303772
102 67.54900646209717
101 67.65254235267639
100 67.75574040412903
99 67.86078810691833
100 67.96645951271057
100 68.0714156627655
100 68.17449355125427
101 68.27813696861267
102 68.38197779655457
102 68.48548936843872
100 68.58817338943481
100 68.69156813621521
100 68.79502558708191
98 68.89953637123108
100 69.00313210487366
100 69.10729312896729
100 69.2125084400177
98 69.31725454330444
95 69.4230272769928
96 69.52628064155579
96 69.62991786003113
94 69.73327493667603
93 69.838387966156
92 69.94146299362183
93 70.04480838775635
93 70.14840149879456
97 70.25242042541504
98 70.355397939682
99 70.45924592018127
102 70.5636510848999
104 70.66731762886047
102 70.77194404602051
103 70.87494349479675
102 70.98070669174194
103 71.08586621284485
106 71.18921327590942
105 71.29238891601562
106 71.39668536186218
105 71.50041007995605
105 71.60426378250122
105 71.70830965042114
106 71.8121747970581
106 71.91668581962585
106 72.02171683311462
105 72.12498593330383
106 72.22974896430969
106 72.33409142494202
105 72.43932628631592
103 72.54399919509888
103 72.64841151237488
104 72.75246739387512
103 72.8557538986206
101 72.95878028869629
94 73.06351399421692
94 73.1685893535614
94 73.27285313606262
97 73.37578082084656
96 73.47979378700256
99 73.58325028419495
99 73.68771076202393
102 73.7912085056305
104 73.89548373222351
105 74.00026869773865
104 74.10513854026794
104 74.20819306373596
103 74.31176900863647
101 74.41645860671997
101 74.52030062675476
102 74.62401795387268
100 74.72783422470093
102 74.83236598968506
100 74.93635535240173
99 75.04007601737976
96 75.14465951919556
96 75.24953389167786
96 75.35355305671692
95 75.45685291290283
95 75.56014323234558
93 75.66343927383423
89 75.76907753944397
90 75.87244248390198
88 75.9756121635437
89 76.07958984375
86 76.18410849571228
83 76.28860878944397
85 76.39250993728638
84 76.49656176567078
83 76.6005220413208
82 76.70424580574036
82 76.8071448802948
80 76.91078567504883
80 77.01516008377075
82 77.11993718147278
82 77.22416043281555
83 77.32886266708374
83 77.43328285217285
83 77.53836727142334
86 77.64140486717224
86 77.74509835243225
89 77.84903860092163
90 77.95412707328796
91 78.05703592300415
95 78.16052722930908
98 78.26382875442505
97 78.3684389591217
98 78.47161555290222
99 78.5746009349823
98 78.67815589904785
99 78.78220009803772
97 78.88466691970825
97 78.98915338516235
97 79.09263634681702
97 79.19622945785522
96 79.29986524581909
94 79.40371942520142
93 79.50750231742859
88 79.61196637153625
85 79.71653914451599
82 79.81984281539917
83 79.9241578578949
85 80.02924036979675
86 80.13288426399231
83 80.23695254325867
81 80.34119486808777
81 80.44573259353638
83 80.54974579811096
83 80.65333604812622
84 80.75653982162476
84 80.86060810089111
86 80.96492958068848
88 81.0678391456604
88 81.1711003780365
85 81.27505111694336
87 81.38017249107361
90 81.4851644039154
94 81.58839774131775
95 81.69228911399841
96 81.7961790561676
95 81.9005708694458
96 82.00362038612366
98 82.10813283920288
97 82.21285676956177
99 82.31578803062439
99 82.41881513595581
99 82.5221734046936
99 82.62729120254517
100 82.73238158226013
99 82.83568239212036
100 82.93894910812378
98 83.04257488250732
97 83.14703893661499
97 83.24963712692261
96 83.35342717170715
97 83.45760250091553
97 83.56274437904358
97 83.66780805587769
95 83.77122759819031
95 83.87633538246155
94 83.98037052154541
93 84.08397006988525
92 84.18748307228088
93 84.2909905910492
92 84.39627003669739
92 84.50048446655273
92 84.60413551330566
92 84.70866370201111
92 84.81299781799316
94 84.91640186309814
95 85.02000856399536
95 85.12487769126892
95 85.2295503616333
96 85.33423709869385
98 85.43842434883118
96 85.5425214767456
98 85.64722919464111
99 85.74944353103638
99 85.85291290283203
100 85.95721006393433
98 86.0615348815918
100 86.16488218307495
101 86.26817226409912
100 86.37153387069702
98 86.47611856460571
99 86.58096194267273
99 86.68388152122498
98 86.78698468208313
96 86.89161276817322
95 86.99714493751526
92 87.09995150566101
87 87.20347452163696
84 87.30744552612305
86 87.4119246006012
86 87.51819443702698
83 87.62138748168945
85 87.72538113594055
85 87.82899284362793
84 87.93315505981445
86 88.0365719795227
88 88.13936233520508
88 88.24298357963562
89 88.34613108634949
85 88.44973230361938
88 88.55260014533997
89 88.65731644630432
90 88.7618978023529
90 88.864914894104
92 88.96818256378174
93 89.07208633422852
96 89.17552757263184
99 89.27960062026978
98 89.38397550582886
96 89.48712539672852
97 89.5919885635376
95 89.6951105594635
95 89.79859805107117
95 89.90192079544067
94 90.00572967529297
93 90.11067271232605
92 90.21407771110535
90 90.31778693199158
82 90.42249488830566
78 90.52669835090637
79 90.6303939819336
79 90.73341035842896
80 90.83673024177551
79 90.94064807891846
77 91.04541635513306
76 91.14879560470581
78 91.25269484519958
75 91.35766625404358
76 91.46059393882751
77 91.56360697746277
78 91.66809439659119
81 91.77135968208313
84 91.87494087219238
84 91.97877788543701
87 92.08221387863159
88 92.18706822395325
88 92.29077100753784
90 92.39405488967896
92 92.49803352355957
93 92.60178661346436
94 92.70676612854004
91 92.80990791320801
89 92.91301965713501
90 93.01751041412354
89 93.12138295173645
89 93.22526812553406
89 93.32860827445984
88 93.43262887001038
88 93.53676700592041
88 93.64076924324036
87 93.74407196044922
87 93.84834432601929
87 93.9527530670166
84 94.05788445472717
85 94.16070580482483
79 94.26416039466858
75 94.36955142021179
79 94.47455668449402
79 94.57788610458374
80 94.68109965324402
84 94.78477454185486
85 94.88926911354065
86 94.99285006523132
88 95.09651923179626
88 95.20042657852173
90 95.30555033683777
92 95.40875935554504
96 95.51217818260193
97 95.61599278450012
98 95.72110056877136
98 95.82545733451843
96 95.92936420440674
97 96.03316974639893
97 96.13922214508057
99 96.24537134170532
98 96.34968638420105
98 96.45415019989014
98 96.55887031555176
97 96.66222643852234
97 96.76564240455627
96 96.87077021598816
96 96.97611975669861
96 97.07934212684631
95 97.1828773021698
94 97.28767156600952
93 97.3922598361969
93 97.49553990364075
92 97.59914684295654
92 97.70287704467773
90 97.80632257461548
84 97.91079902648926
85 98.01448273658752
87 98.11832690238953
87 98.22230005264282
87 98.32692265510559
90 98.43108367919922
92 98.53478384017944
92 98.63958644866943
93 98.7448616027832
93 98.84833431243896
92 98.95217633247375
96 99.05681848526001
99 99.16133165359497
101 99.26470398902893
101 99.36854410171509
100 99.47358584403992
99 99.57899761199951
100 99.68259620666504
100 99.78654789924622
99 99.89132642745972
99 99.9937436580658
99 100.09741306304932
98 100.20265603065491
99 100.30794286727905
100 100.41207337379456
98 100.51560306549072
97 100.61907434463501
96 100.72256207466125
91 100.82626295089722
90 100.92929887771606
87 101.03298687934875
84 101.13734245300293
83 101.24271512031555
85 101.34621691703796
87 101.44995617866516
88 101.55404353141785
88 101.65737509727478
88 101.76089787483215
89 101.8643057346344
90 101.96792817115784
92 102.07224011421204
93 102.1768729686737
94 102.28002047538757
96 102.3842225074768
97 102.48851370811462
98 102.5926673412323
99 102.69611048698425
101 102.80009055137634
98 102.90375351905823
100 103.00749635696411
99 103.11065912246704
99 103.21412062644958
97 103.31786704063416
98 103.42159962654114
98 103.52460765838623
97 103.62805962562561
97 103.7320339679718
96 103.83640456199646
97 103.94137358665466
98 104.0445065498352
96 104.14917063713074
96 104.25343227386475
97 104.35796594619751
97 104.46135139465332
96 104.56631088256836
95 104.67016959190369
94 104.77348756790161
92 104.87763833999634
92 104.9813711643219
92 105.08545899391174
91 105.18957042694092
89 105.29284596443176
91 105.39691376686096
93 105.50073575973511
93 105.60539269447327
96 105.70873403549194
96 105.81258153915405
95 105.91656684875488
96 106.02168107032776
95 106.125901222229
98 106.22970080375671
100 106.33288598060608
99 106.43681240081787
99 106.53937673568726
99 106.64307260513306
97 106.74705791473389
96 106.85191512107849
98 106.95744681358337
97 107.06095099449158
95 107.16461491584778
96 107.26808762550354
96 107.37232184410095
95 107.47592186927795
94 107.57950949668884
90 107.68433403968811
89 107.78867530822754
88 107.8927628993988
88 107.99756646156311
91 108.10224533081055
88 108.20708417892456
88 108.3101761341095
89 108.4139301776886
89 108.51926612854004
90 108.62419009208679
91 108.72794079780579
92 108.8315577507019
92 108.9352650642395
99 109.03978824615479
98 109.14314842224121
99 109.24731540679932
98 109.35076236724854
97 109.4556839466095
99 109.5597174167633
98 109.66275525093079
98 109.76744985580444
98 109.87220692634583
97 109.97570323944092
95 110.07870841026306
97 110.18320512771606
96 110.28867101669312
96 110.3918764591217
95 110.49547410011292
95 110.59943914413452
94 110.70299983024597
94 110.8054792881012
93 110.9083502292633
92 111.01213335990906
90 111.1164140701294
90 111.22095012664795
89 111.32426047325134
88 111.42772793769836
84 111.5322003364563
82 111.63662028312683
81 111.74032664299011
81 111.84447431564331
83 111.94750690460205
83 112.052499294281
86 112.15576124191284
87 112.26037120819092
89 112.36443281173706
91 112.46970248222351
94 112.57327246665955
95 112.67646956443787
96 112.78149199485779
94 112.88598084449768
94 112.989262342453
93 113.09423041343689
91 113.19736814498901
91 113.30197286605835
92 113.40491008758545
91 113.50826239585876
90 113.61238837242126
89 113.71755695343018
89 113.822927236557
90 113.92630004882812
91 114.02939081192017
91 114.13345503807068
89 114.23706912994385
86 114.3408989906311
86 114.44486689567566
86 114.54947471618652
88 114.65447187423706
87 114.75753164291382
85 114.86201548576355
84 114.9660804271698
86 115.07053565979004
88 115.17422842979431
91 115.27762246131897
92 115.3816430568695
93 115.48677945137024
93 115.59073853492737
95 115.69431972503662
95 115.79790210723877
96 115.90153384208679
97 116.00483083724976
97 116.10870361328125
97 116.21213626861572
97 116.31502175331116
94 116.41891288757324
93 116.52237439155579
93 116.62656950950623
93 116.72994542121887
92 116.8336808681488
92 116.93695044517517
91 117.04009985923767
89 117.14349722862244
89 117.24811506271362
88 117.35187602043152
87 117.45569920539856
84 117.55857539176941
80 117.66202664375305
81 117.76565027236938
82 117.86904191970825
82 117.97246289253235
85 118.07730650901794
87 118.18073391914368
89 118.28373312950134
90 118.3874261379242
91 118.490797996521
92 118.5948600769043
91 118.6973090171814
92 118.80069780349731
94 118.90465807914734
94 119.00839161872864
93 119.11223077774048
93 119.21575832366943
94 119.31994533538818
95 119.42372226715088
94 119.52674126625061
93 119.62968063354492
93 119.7326238155365
93 119.83710551261902
93 119.94157147407532
93 120.04608702659607
