37 1.1920928955078125e-06
39 0.6252832412719727
39 0.7277967929840088
38 0.830364465713501
39 0.9328935146331787
39 1.0353057384490967
39 1.1375916004180908
39 1.2398393154144287
39 1.3427009582519531
38 1.4448378086090088
39 1.547224998474121
39 1.650083065032959
39 1.7523880004882812
39 1.854661464691162
40 1.9570426940917969
40 2.059267282485962
40 2.1615607738494873
40 2.263829231262207
40 2.3659627437591553
40 2.4684741497039795
39 2.570901870727539
39 2.6732077598571777
39 2.776092052459717
38 2.878399133682251
38 2.980552911758423
39 3.082585334777832
38 3.1850225925445557
38 3.2873263359069824
38 3.3896892070770264
38 3.4920601844787598
38 3.594700574874878
38 3.697382926940918
38 3.7999908924102783
38 3.902409791946411
38 4.005233287811279
38 4.108097076416016
39 4.210212230682373
39 4.312251091003418
39 4.41431188583374
39 4.516674280166626
39 4.61907434463501
40 4.7216737270355225
40 4.823949337005615
40 4.925905466079712
40 5.028018474578857
40 5.130205869674683
40 5.232288599014282
40 5.33467173576355
40 5.436846494674683
40 5.539210081100464
40 5.6414549350738525
40 5.743796348571777
40 5.845932960510254
40 5.94798469543457
40 6.050252437591553
40 6.152470350265503
39 6.254982233047485
39 6.3574538230896
39 6.460057020187378
39 6.5624401569366455
38 6.664839267730713
38 6.7673020362854
38 6.869746208190918
38 6.9722161293029785
38 7.074865818023682
38 7.177474021911621
38 7.279889345169067
38 7.382222414016724
38 7.484463453292847
38 7.586891174316406
38 7.689432621002197
39 7.791965961456299
39 7.894586801528931
39 7.996968984603882
39 8.099880695343018
39 8.202446460723877
39 8.304866313934326
40 8.40733027458191
40 8.510112762451172
40 8.612464427947998
40 8.714573621749878
40 8.81682276725769
40 8.919094324111938
40 9.021242141723633
40 9.123585224151611
40 9.226009607315063
40 9.328415393829346
39 9.430623292922974
39 9.532891750335693
39 9.635096073150635
39 9.737451076507568
38 9.839766263961792
38 9.942428350448608
38 10.044718027114868
38 10.146886348724365
38 10.249155759811401
37 10.351422548294067
37 10.453725099563599
37 10.556094884872437
37 10.65811038017273
37 10.760557889938354
38 10.863163471221924
38 10.96535873413086
38 11.067605972290039
38 11.169921159744263
38 11.27220368385315
38 11.374930143356323
39 11.477253913879395
39 11.579529523849487
39 11.681819200515747
39 11.784145593643188
39 11.88639235496521
40 11.988694667816162
40 12.090947151184082
40 12.19341230392456
40 12.295926570892334
40 12.398594617843628
40 12.50075650215149
40 12.603097438812256
41 12.7053542137146
41 12.808164119720459
41 12.91105580329895
40 13.013338088989258
40 13.115827322006226
40 13.218142986297607
39 13.320502996444702
39 13.422897100448608
39 13.52530288696289
39 13.627788305282593
38 13.730567455291748
38 13.833594560623169
38 13.935973405838013
38 14.038357734680176
38 14.140637159347534
38 14.243110179901123
37 14.34571361541748
38 14.448090076446533
38 14.550607919692993
37 14.653131008148193
38 14.755527973175049
38 14.858151912689209
38 14.961121559143066
38 15.06450629234314
38 15.166972398757935
38 15.269272089004517
39 15.371417999267578
39 15.473788261413574
39 15.576050519943237
39 15.678422689437866
39 15.780730724334717
39 15.882904767990112
40 15.985159873962402
40 16.087202787399292
40 16.189376831054688
40 16.291844129562378
40 16.394150018692017
40 16.49675703048706
40 16.60037660598755
40 16.705575704574585
40 16.80933165550232
40 16.91326594352722
41 17.017018795013428
40 17.120922327041626
41 17.224419832229614
40 17.328892707824707
40 17.432151317596436
40 17.537204027175903
39 17.640135765075684
39 17.74454951286316
39 17.84833288192749
39 17.952624082565308
38 18.056236505508423
38 18.159758806228638
38 18.264827728271484
38 18.36975646018982
38 18.473501920700073
38 18.57645320892334
38 18.68106698989868
38 18.784912586212158
38 18.88830876350403
38 18.992591619491577
38 19.096359252929688
38 19.200902938842773
38 19.307783603668213
38 19.411674737930298
38 19.514868021011353
38 19.61916446685791
38 19.72344183921814
39 19.82715129852295
39 19.930827617645264
39 20.034114122390747
39 20.13776993751526
39 20.24175715446472
40 20.3448703289032
40 20.44915008544922
40 20.554009914398193
40 20.65735363960266
40 20.761881828308105
40 20.866593599319458
40 20.971774101257324
41 21.0757257938385
41 21.18089509010315
41 21.285215139389038
41 21.388514280319214
41 21.49205231666565
41 21.595404624938965
41 21.699711322784424
40 21.80307960510254
40 21.906010627746582
39 22.00908350944519
39 22.112646102905273
39 22.21618914604187
39 22.320618867874146
38 22.424257516860962
38 22.528382301330566
38 22.633736848831177
38 22.739436626434326
38 22.843394994735718
38 22.94830822944641
37 23.051991939544678
37 23.154599905014038
37 23.257821083068848
37 23.36138892173767
37 23.46646785736084
37 23.5712251663208
37 23.67475724220276
38 23.77959632873535
38 23.8827486038208
38 23.98678946495056
38 24.09019446372986
39 24.19362735748291
39 24.297807216644287
39 24.401204109191895
39 24.504778623580933
39 24.609013080596924
40 24.712382316589355
40 24.817397117614746
40 24.920700311660767
40 25.023645401000977
40 25.127423763275146
40 25.231566429138184
40 25.337494134902954
40 25.440723180770874
40 25.543962001800537
40 25.647540807724
40 25.751710176467896
40 25.854830503463745
40 25.95800018310547
40 26.062166929244995
40 26.16633653640747
40 26.270751953125
40 26.374732494354248
40 26.478142499923706
39 26.582990884780884
39 26.686221837997437
39 26.79000234603882
38 26.895248651504517
38 26.999265432357788
38 27.102487087249756
38 27.206475734710693
38 27.31071424484253
38 27.41628909111023
38 27.519474983215332
38 27.623379707336426
38 27.727774620056152
38 27.832093000411987
38 27.935043811798096
38 28.038309574127197
38 28.14217257499695
38 28.245411157608032
38 28.350085973739624
38 28.45341181755066
38 28.55750799179077
38 28.66175675392151
38 28.76591944694519
39 28.869211435317993
39 28.973537921905518
39 29.07707142829895
39 29.180405139923096
39 29.28333020210266
40 29.387450695037842
40 29.491321325302124
40 29.59538960456848
40 29.6992130279541
40 29.80388617515564
40 29.908429384231567
40 30.012163162231445
41 30.115792989730835
40 30.219252109527588
41 30.322797060012817
41 30.426944971084595
41 30.53135395050049
41 30.635102033615112
41 30.739914894104004
41 30.84489417076111
41 30.95115900039673
41 31.05423140525818
41 31.15762996673584
41 31.261098384857178
41 31.365037441253662
41 31.468595504760742
40 31.572129249572754
40 31.67579984664917
40 31.780686140060425
39 31.88434076309204
39 31.98820686340332
39 32.09284210205078
39 32.196340560913086
38 32.29938745498657
38 32.402833700180054
38 32.50637459754944
38 32.609803438186646
38 32.71514916419983
38 32.818607330322266
38 32.922393798828125
38 33.02668642997742
38 33.13145661354065
38 33.23500299453735
38 33.33854532241821
38 33.443727016448975
38 33.548282623291016
39 33.65166473388672
39 33.756564140319824
39 33.859687089920044
39 33.964564085006714
39 34.06778645515442
40 34.17106008529663
40 34.27527952194214
40 34.38043570518494
40 34.48395228385925
40 34.587363719940186
40 34.69060969352722
40 34.79418134689331
41 34.89720273017883
41 35.0008008480072
41 35.10484075546265
41 35.20893859863281
41 35.31138467788696
41 35.41574668884277
41 35.52027153968811
41 35.62441539764404
41 35.729822635650635
41 35.83353018760681
40 35.93733859062195
40 36.04248285293579
40 36.14691686630249
40 36.250173807144165
39 36.35471701622009
39 36.4596061706543
39 36.56465196609497
39 36.66815185546875
38 36.77201223373413
38 36.87717628479004
38 36.981141328811646
38 37.084426164627075
38 37.18822884559631
38 37.29248809814453
38 37.396185874938965
38 37.498889207839966
38 37.602068185806274
38 37.70613074302673
38 37.81082248687744
39 37.914146184921265
38 38.01784801483154
39 38.121177673339844
39 38.22518610954285
39 38.32924675941467
39 38.4334511756897
40 38.537113428115845
40 38.64127159118652
40 38.74443316459656
40 38.84790754318237
40 38.951746225357056
40 39.05626058578491
41 39.16016340255737
41 39.26391243934631
41 39.367791175842285
41 39.47206974029541
41 39.575257539749146
41 39.67825770378113
41 39.781611919403076
41 39.88603663444519
41 39.99029493331909
41 40.093297481536865
41 40.19700598716736
41 40.3008074760437
41 40.40471339225769
41 40.50788378715515
41 40.611157178878784
41 40.715532302856445
40 40.81974267959595
40 40.924742460250854
40 41.028451681137085
40 41.13190460205078
39 41.23620533943176
39 41.340434551239014
39 41.444458961486816
39 41.54836344718933
39 41.652345180511475
39 41.75672435760498
38 41.86079263687134
38 41.96495819091797
38 42.06883788108826
38 42.17283487319946
38 42.275628089904785
38 42.379467487335205
38 42.48301815986633
39 42.5880663394928
39 42.69244027137756
39 42.796058654785156
39 42.899473667144775
40 43.00346851348877
40 43.1073431968689
40 43.21065092086792
40 43.31422805786133
40 43.418609857559204
40 43.522680044174194
40 43.62652397155762
40 43.72960901260376
41 43.834447383880615
41 43.93885517120361
41 44.04199171066284
41 44.14577603340149
41 44.2524688243866
41 44.356717109680176
41 44.46024751663208
41 44.56365132331848
41 44.66705250740051
41 44.771159410476685
41 44.8737690448761
41 44.977301836013794
41 45.082093715667725
41 45.186057567596436
41 45.28944230079651
41 45.39274263381958
41 45.49627113342285
41 45.59999656677246
41 45.70512104034424
41 45.808807134628296
40 45.91193127632141
40 46.01652121543884
40 46.121458768844604
40 46.22522830963135
40 46.329142332077026
39 46.43235492706299
39 46.536861181259155
39 46.64102363586426
39 46.74453020095825
39 46.848392963409424
38 46.9523138999939
38 47.05485773086548
38 47.15831398963928
38 47.261768102645874
39 47.365904331207275
39 47.47048544883728
39 47.57392334938049
39 47.67757177352905
39 47.780829429626465
40 47.88486886024475
40 47.98845100402832
40 48.09235072135925
40 48.195873975753784
40 48.29923677444458
41 48.402348041534424
41 48.50557208061218
41 48.608980894088745
41 48.71246576309204
41 48.81632328033447
41 48.91994333267212
41 49.02512788772583
41 49.130024671554565
41 49.23472738265991
41 49.3384644985199
41 49.441941261291504
41 49.54533886909485
41 49.6490433216095
41 49.75218963623047
41 49.85543632507324
40 49.95898485183716
40 50.06219172477722
40 50.16543507575989
39 50.268627405166626
39 50.372878313064575
39 50.4761061668396
39 50.57961297035217
39 50.682881116867065
39 50.78649401664734
38 50.88965344429016
38 50.99476718902588
38 51.097840309143066
38 51.201340675354004
38 51.305213928222656
39 51.409245014190674
39 51.51389479637146
39 51.61698818206787
39 51.72085618972778
39 51.82446885108948
39 51.928494453430176
40 52.032500982284546
40 52.136231422424316
40 52.24024486541748
40 52.34459400177002
40 52.4475998878479
41 52.551663637161255
41 52.6566481590271
41 52.76057291030884
41 52.8637330532074
41 52.96778988838196
41 53.07151961326599
41 53.17533588409424
41 53.27783489227295
41 53.38175392150879
41 53.48572111129761
41 53.58960151672363
41 53.69338059425354
41 53.79686665534973
41 53.900161027908325
41 54.00429058074951
41 54.10950756072998
41 54.212995529174805
41 54.317533016204834
40 54.421417474746704
40 54.52495050430298
40 54.628610372543335
40 54.732168674468994
39 54.837790727615356
39 54.94164443016052
39 55.045297145843506
39 55.14886021614075
39 55.252835273742676
39 55.35720682144165
38 55.46019983291626
38 55.56370186805725
38 55.667515993118286
38 55.77142357826233
38 55.874958753585815
38 55.97759246826172
39 56.08162307739258
39 56.185688734054565
39 56.289522647857666
39 56.39315104484558
39 56.49713325500488
39 56.601381063461304
40 56.705535650253296
40 56.80850696563721
40 56.91254138946533
40 57.01746129989624
40 57.12102460861206
40 57.22339582443237
41 57.3264057636261
41 57.429951429367065
41 57.533329248428345
41 57.63856649398804
41 57.74321722984314
41 57.8471839427948
41 57.9516704082489
41 58.05559706687927
41 58.15893220901489
41 58.26348924636841
41 58.36772966384888
41 58.47046375274658
41 58.5734543800354
41 58.677032709121704
41 58.781365156173706
41 58.884586572647095
41 58.988343715667725
41 59.09202432632446
40 59.1948504447937
40 59.29893112182617
40 59.40348553657532
40 59.50695013999939
39 59.61068558692932
39 59.71509885787964
39 59.820273876190186
39 59.92447090148926
39 60.028857946395874
39 60.1331672668457
39 60.237892150878906
39 60.341532707214355
39 60.44492149353027
39 60.5486946105957
38 60.65285301208496
38 60.75572395324707
38 60.85937237739563
39 60.96356749534607
39 61.06875443458557
39 61.17280626296997
39 61.27618145942688
39 61.38001012802124
39 61.48620009422302
40 61.58945322036743
40 61.693291902542114
40 61.79694628715515
41 61.89981198310852
41 62.00417613983154
41 62.10834240913391
41 62.21217942237854
41 62.31716275215149
41 62.42275810241699
41 62.52576947212219
41 62.629430532455444
41 62.73395919799805
42 62.83783411979675
42 62.94160866737366
42 63.046005964279175
42 63.150938510894775
42 63.25619292259216
42 63.36052846908569
41 63.46458077430725
41 63.568437576293945
41 63.672516107559204
41 63.77570033073425
41 63.87970757484436
40 63.984885931015015
40 64.08928632736206
40 64.19282960891724
40 64.29742860794067
39 64.4023551940918
39 64.50608253479004
39 64.60993480682373
39 64.71549463272095
39 64.82149291038513
39 64.92454862594604
39 65.0278525352478
39 65.13185667991638
39 65.23610019683838
39 65.34125852584839
38 65.4450933933258
39 65.54912114143372
39 65.65318536758423
39 65.75757312774658
39 65.86186361312866
39 65.96505665779114
40 66.06923127174377
40 66.17276406288147
40 66.27588748931885
40 66.3798131942749
40 66.48332929611206
40 66.5891683101654
41 66.69234037399292
41 66.79580545425415
41 66.90074634552002
41 67.00444531440735
41 67.10757899284363
41 67.21165037155151
41 67.3157148361206
41 67.42031836509705
41 67.52337574958801
41 67.62675952911377
41 67.73084020614624
41 67.8347635269165
41 67.938955783844
41 68.04238843917847
41 68.14613699913025
41 68.2500114440918
41 68.35351610183716
41 68.45705699920654
41 68.56055736541748
41 68.66487240791321
40 68.76914286613464
40 68.87190890312195
40 68.9753348827362
40 69.07866358757019
40 69.18237829208374
39 69.28700876235962
39 69.39031052589417
39 69.49344539642334
39 69.59698057174683
39 69.70070695877075
39 69.80389595031738
39 69.90709018707275
39 70.0111174583435
39 70.1151065826416
39 70.21801710128784
39 70.32144165039062
39 70.42583298683167
39 70.52993631362915
40 70.63425898551941
40 70.73811078071594
40 70.84115505218506
40 70.9452612400055
40 71.04979395866394
40 71.15353679656982
40 71.25798344612122
41 71.36295986175537
41 71.46784090995789
41 71.57099843025208
41 71.674560546875
41 71.77838349342346
41 71.8822500705719
41 71.98560833930969
41 72.08960676193237
41 72.19367575645447
41 72.298752784729
41 72.40216493606567
41 72.50571870803833
40 72.60967111587524
40 72.71404504776001
40 72.81713724136353
40 72.9208083152771
41 73.02581930160522
41 73.13142323493958
40 73.2343521118164
40 73.33783507347107
39 73.44141268730164
38 73.54599976539612
37 73.6496193408966
37 73.75277829170227
37 73.85668587684631
37 73.96040940284729
37 74.06388759613037
37 74.16699552536011
37 74.27068662643433
38 74.37452602386475
38 74.47948670387268
39 74.58276796340942
40 74.68640661239624
40 74.7911024093628
40 74.89503049850464
39 74.9984347820282
39 75.10202693939209
39 75.20528507232666
39 75.30895662307739
39 75.41259837150574
39 75.51673078536987
39 75.62085437774658
40 75.72588586807251
40 75.83111429214478
40 75.93527221679688
41 76.038889169693
41 76.14252948760986
42 76.24792432785034
42 76.3521785736084
42 76.45587825775146
42 76.55937838554382
42 76.66435837745667
42 76.76755785942078
41 76.87178301811218
41 76.97615265846252
40 77.08042430877686
40 77.18444085121155
40 77.28891849517822
40 77.39310479164124
40 77.49724984169006
39 77.6002869606018
39 77.70441126823425
39 77.80839514732361
39 77.91341352462769
39 78.01710081100464
39 78.12187504768372
39 78.22606468200684
39 78.3303074836731
40 78.4340398311615
40 78.53749012947083
40 78.6405918598175
40 78.74567770957947
41 78.84871315956116
41 78.95252346992493
41 79.0564877986908
41 79.16086745262146
41 79.26499819755554
41 79.36836338043213
41 79.47260665893555
41 79.5764708518982
42 79.68093824386597
42 79.78634786605835
42 79.89000868797302
42 79.99372386932373
42 80.09725379943848
42 80.20068120956421
42 80.30424642562866
42 80.40815830230713
42 80.5125515460968
42 80.61620569229126
41 80.72062993049622
41 80.82577276229858
41 80.92953538894653
41 81.0334084033966
40 81.13688492774963
40 81.24109363555908
40 81.34621739387512
40 81.45052790641785
39 81.55384635925293
39 81.6576476097107
39 81.76217484474182
39 81.86570310592651
39 81.96930861473083
39 82.07369637489319
39 82.17708683013916
39 82.27990961074829
39 82.38360095024109
40 82.48718023300171
40 82.59238910675049
40 82.69657778739929
40 82.79997992515564
40 82.90337491035461
40 83.00933957099915
41 83.1138436794281
41 83.2172281742096
41 83.32093858718872
41 83.42468428611755
41 83.52976989746094
41 83.63385033607483
41 83.73728775978088
41 83.84252095222473
41 83.94692039489746
41 84.05046343803406
41 84.15547895431519
41 84.25951790809631
41 84.36460304260254
41 84.46841955184937
41 84.57369208335876
41 84.67702794075012
41 84.78234624862671
41 84.88640666007996
41 84.99037599563599
41 85.0940272808075
41 85.19781136512756
41 85.30127787590027
41 85.40556716918945
41 85.51057577133179
40 85.61533164978027
40 85.71897220611572
40 85.82274746894836
40 85.92699480056763
40 86.03128981590271
40 86.13504099845886
40 86.23905324935913
40 86.3428008556366
40 86.44625878334045
40 86.54905867576599
40 86.652423620224
40 86.75643181800842
41 86.8598484992981
41 86.96317410469055
41 87.06774616241455
41 87.17159295082092
41 87.2761447429657
41 87.38105940818787
41 87.48496508598328
41 87.58853387832642
41 87.69260573387146
41 87.79741907119751
41 87.90029501914978
41 88.00370597839355
41 88.10731935501099
42 88.21128463745117
42 88.31463265419006
41 88.4181604385376
41 88.5219898223877
41 88.62533664703369
41 88.72890305519104
41 88.83234548568726
41 88.93599557876587
41 89.04038047790527
41 89.14471745491028
41 89.24837112426758
41 89.35354137420654
41 89.45695471763611
41 89.56192398071289
41 89.66498470306396
41 89.76874256134033
41 89.87242889404297
41 89.97607922554016
41 90.07959222793579
41 90.18350744247437
40 90.288081407547
40 90.39272260665894
40 90.4956591129303
39 90.59904646873474
40 90.70287370681763
40 90.80668950080872
40 90.90995693206787
40 91.01392149925232
40 91.11800479888916
40 91.22300720214844
41 91.32562255859375
41 91.42953538894653
41 91.53328323364258
42 91.63722395896912
42 91.74217748641968
42 91.84514999389648
42 91.94959259033203
42 92.05577826499939
42 92.16079068183899
42 92.2645115852356
42 92.36824369430542
42 92.47214889526367
42 92.57663798332214
42 92.68013143539429
42 92.78415274620056
42 92.88904786109924
41 92.99476647377014
41 93.09801149368286
41 93.20193290710449
40 93.30634689331055
40 93.41108131408691
40 93.5146050453186
40 93.61804723739624
40 93.72162675857544
40 93.82525324821472
40 93.92865037918091
40 94.03161096572876
40 94.13527345657349
40 94.23947358131409
40 94.34248566627502
40 94.44603991508484
40 94.54955792427063
41 94.65376162528992
41 94.75886392593384
41 94.86254787445068
41 94.96556901931763
41 95.06984972953796
41 95.17388725280762
41 95.27682495117188
41 95.38061046600342
42 95.48473453521729
42 95.58953285217285
42 95.69301724433899
42 95.7958071231842
42 95.89993453025818
42 96.00393867492676
42 96.10680150985718
42 96.21094155311584
41 96.3156509399414
41 96.41981720924377
41 96.52247977256775
41 96.62622666358948
41 96.72977423667908
41 96.83496332168579
40 96.93864464759827
40 97.04218459129333
40 97.14610409736633
40 97.24940800666809
40 97.35374140739441
40 97.45747780799866
40 97.56065130233765
40 97.66462302207947
39 97.76920914649963
40 97.87233638763428
40 97.9757833480835
40 98.08093595504761
40 98.18521761894226
40 98.28873705863953
40 98.39283275604248
40 98.49633741378784
41 98.59990334510803
41 98.70308470726013
41 98.80628991127014
41 98.90982937812805
41 99.01332139968872
41 99.11827087402344
41 99.22149801254272
41 99.32539772987366
41 99.4296202659607
41 99.53397178649902
41 99.63778448104858
41 99.74111223220825
41 99.84545588493347
41 99.94858241081238
41 100.05140948295593
41 100.15497851371765
41 100.25917744636536
41 100.36406421661377
41 100.46804189682007
41 100.57108926773071
41 100.67442059516907
41 100.77924013137817
41 100.88400292396545
40 100.9875180721283
40 101.09090971946716
40 101.19555616378784
40 101.3004105091095
40 101.40409183502197
40 101.50792002677917
40 101.61276578903198
40 101.71794009208679
40 101.8211829662323
40 101.92641472816467
40 102.03151679039001
41 102.13667058944702
41 102.24073910713196
41 102.34446597099304
41 102.44868612289429
41 102.55194115638733
41 102.6552083492279
41 102.75903868675232
41 102.86303687095642
41 102.96639800071716
41 103.069500207901
41 103.17296528816223
42 103.2768304347992
42 103.38148784637451
42 103.48480272293091
41 103.58845639228821
41 103.6917827129364
41 103.79512333869934
41 103.89860963821411
41 104.00234961509705
41 104.10572004318237
41 104.20944499969482
41 104.3146550655365
41 104.41816926002502
41 104.52175378799438
41 104.6259503364563
40 104.73049545288086
40 104.83368563652039
40 104.93707489967346
40 105.04163241386414
40 105.14710450172424
40 105.25022888183594
40 105.35329270362854
41 105.45855212211609
41 105.56182336807251
41 105.6660168170929
41 105.76954579353333
41 105.8732602596283
41 105.9777090549469
41 106.08201169967651
41 106.18529629707336
42 106.28914141654968
42 106.39274621009827
42 106.49686431884766
42 106.6014199256897
42 106.70495963096619
42 106.8085310459137
42 106.9135479927063
42 107.01655340194702
42 107.11947727203369
42 107.22295832633972
42 107.32794451713562
42 107.43055582046509
41 107.53458309173584
41 107.6380980014801
41 107.74300336837769
41 107.84659385681152
41 107.94978213310242
40 108.05357718467712
40 108.15735793113708
40 108.26202702522278
40 108.36549615859985
40 108.46915078163147
40 108.57382249832153
40 108.67806386947632
40 108.78228330612183
40 108.88617038726807
40 108.99091005325317
40 109.09554839134216
40 109.19847345352173
41 109.30192065238953
41 109.40656852722168
41 109.51184391975403
41 109.61512422561646
41 109.71896815299988
41 109.82448983192444
41 109.92947006225586
41 110.03286838531494
42 110.13731026649475
42 110.24168562889099
42 110.34481620788574
42 110.44846487045288
42 110.55248403549194
42 110.65832734107971
42 110.76281714439392
42 110.8660876750946
42 110.96967720985413
42 111.07415175437927
42 111.17934393882751
42 111.28288197517395
42 111.3864176273346
42 111.4919581413269
41 111.59710884094238
41 111.70014786720276
41 111.80388927459717
41 111.90838694572449
41 112.01258373260498
40 112.11629104614258
40 112.22045493125916
40 112.32409596443176
40 112.42869114875793
40 112.53157711029053
40 112.63539123535156
40 112.73921799659729
40 112.84203934669495
40 112.94639205932617
40 113.05009889602661
40 113.15433692932129
40 113.25916123390198
40 113.36435389518738
40 113.46793699264526
41 113.57136178016663
41 113.67655491828918
41 113.7816653251648
41 113.88541007041931
41 113.99078631401062
41 114.09579467773438
41 114.20030236244202
41 114.30403256416321
41 114.40751004219055
41 114.5120587348938
42 114.6162576675415
42 114.72023439407349
42 114.82529044151306
42 114.9288535118103
42 115.03324675559998
42 115.13648414611816
42 115.24200010299683
42 115.34580492973328
42 115.45026516914368
42 115.55346608161926
41 115.65691781044006
41 115.76223564147949
41 115.86621451377869
40 115.96949243545532
40 116.07465839385986
40 116.17977380752563
40 116.28524804115295
40 116.38837146759033
40 116.49253296852112
40 116.59593844413757
39 116.70040154457092
40 116.8034098148346
39 116.90676665306091
39 117.0113525390625
39 117.11568093299866
40 117.21916842460632
40 117.32377696037292
40 117.42791295051575
40 117.53304123878479
40 117.63690400123596
40 117.74115753173828
41 117.84520959854126
41 117.94994592666626
41 118.05346179008484
41 118.15817904472351
41 118.2623348236084
41 118.36743998527527
41 118.47077298164368
42 118.57460618019104
42 118.67975735664368
42 118.78460168838501
42 118.88761019706726
42 118.99148416519165
42 119.09548783302307
42 119.19932079315186
42 119.30216073989868
42 119.40598917007446
42 119.51071095466614
41 119.6155936717987
41 119.71900701522827
41 119.82216501235962
41 119.92571091651917
40 120.02967596054077
