46 1.430511474609375e-06
47 0.6415235996246338
47 0.7446658611297607
47 0.8473448753356934
50 0.9497356414794922
47 1.0522522926330566
46 1.1549105644226074
45 1.2576677799224854
46 1.3610095977783203
45 1.4639999866485596
46 1.5658440589904785
46 1.669114589691162
45 1.772329568862915
45 1.8742358684539795
45 1.9768409729003906
45 2.079474449157715
45 2.1824779510498047
45 2.284757375717163
45 2.387199878692627
46 2.4897425174713135
49 2.5920965671539307
45 2.6947457790374756
46 2.797421455383301
50 2.9001786708831787
46 3.0028605461120605
46 3.1053974628448486
47 3.208043098449707
46 3.310856342315674
47 3.413648843765259
46 3.5161335468292236
46 3.6185173988342285
47 3.7209854125976562
47 3.8238346576690674
46 3.9264838695526123
47 4.028944492340088
47 4.1315929889678955
46 4.233532428741455
46 4.336737155914307
47 4.4400634765625
48 4.542513370513916
47 4.645168304443359
47 4.747804164886475
46 4.850355863571167
47 4.953085899353027
47 5.056013822555542
47 5.158967971801758
47 5.261521816253662
47 5.364091157913208
46 5.466808080673218
46 5.569624185562134
45 5.6720356941223145
45 5.774771690368652
46 5.877472639083862
46 5.980111122131348
45 6.082799911499023
45 6.185228586196899
46 6.287907838821411
45 6.39043664932251
45 6.493040561676025
50 6.5957982540130615
46 6.698291778564453
47 6.800558090209961
46 6.903514385223389
46 7.006004571914673
45 7.108707904815674
50 7.211212396621704
50 7.313891410827637
45 7.416697263717651
46 7.519273519515991
46 7.622088432312012
45 7.724822282791138
46 7.827596187591553
46 7.929786205291748
46 8.032030820846558
46 8.134734869003296
46 8.237607479095459
45 8.34009075164795
45 8.443764686584473
45 8.546056985855103
45 8.648481369018555
45 8.75087857246399
46 8.853420972824097
45 8.956146478652954
45 9.058923721313477
46 9.16145372390747
45 9.263836145401001
49 9.366583824157715
44 9.468941450119019
45 9.571456909179688
45 9.674036502838135
44 9.776439666748047
44 9.878774642944336
44 9.981367588043213
44 10.083886861801147
44 10.186408042907715
44 10.28877568244934
44 10.391183376312256
45 10.493720531463623
44 10.596175909042358
44 10.698492765426636
45 10.80110239982605
44 10.903411388397217
44 11.005563735961914
49 11.108209609985352
44 11.211042404174805
44 11.314064025878906
44 11.416385650634766
44 11.518856287002563
45 11.621428728103638
48 11.724014282226562
44 11.826473236083984
44 11.928947687149048
44 12.031376600265503
44 12.134211540222168
44 12.236885786056519
44 12.339395761489868
44 12.441946983337402
45 12.544355154037476
45 12.646910429000854
45 12.749577045440674
45 12.851995944976807
45 12.954529762268066
45 13.057180881500244
45 13.159822702407837
45 13.262325286865234
46 13.365206956863403
44 13.467884302139282
45 13.569992542266846
46 13.673276424407959
46 13.775934219360352
46 13.87840747833252
45 13.981435298919678
46 14.084198713302612
46 14.187031030654907
46 14.289604187011719
46 14.391876697540283
46 14.494481801986694
46 14.596976280212402
46 14.699537515640259
46 14.801990747451782
45 14.904521703720093
45 15.007141590118408
46 15.111891984939575
45 15.21497106552124
46 15.318903684616089
46 15.423804521560669
46 15.528691530227661
46 15.632070779800415
45 15.736247777938843
45 15.840674877166748
45 15.94586706161499
44 16.04972505569458
45 16.153105974197388
45 16.25690484046936
45 16.361696243286133
45 16.4644136428833
48 16.568098068237305
45 16.671411991119385
45 16.77667498588562
44 16.879608154296875
46 16.98271369934082
45 17.08671545982361
44 17.190351009368896
45 17.295329570770264
45 17.39880132675171
45 17.5031578540802
45 17.607147932052612
45 17.712592363357544
45 17.816489934921265
45 17.921038150787354
44 18.026110649108887
45 18.13145661354065
45 18.234833478927612
45 18.33929419517517
45 18.44273805618286
46 18.5466628074646
46 18.65101718902588
46 18.75420355796814
46 18.85897707939148
46 18.963753700256348
45 19.06651735305786
46 19.169888019561768
46 19.274851322174072
45 19.378912448883057
46 19.482091426849365
45 19.585248231887817
46 19.68947148323059
46 19.793510675430298
45 19.89674735069275
45 19.999781608581543
46 20.103240489959717
45 20.20769166946411
45 20.3122239112854
45 20.415788173675537
45 20.52004837989807
45 20.623488426208496
44 20.727498054504395
44 20.831488609313965
44 20.934691905975342
48 21.039076328277588
44 21.14383316040039
44 21.24685001373291
48 21.350390672683716
44 21.45329523086548
43 21.55908966064453
47 21.66233777999878
43 21.766618251800537
44 21.870303630828857
44 21.975735902786255
44 22.07908844947815
45 22.182281970977783
47 22.286880016326904
44 22.39093804359436
48 22.495052337646484
44 22.598210334777832
45 22.70151948928833
45 22.805988550186157
44 22.91097664833069
45 23.0145902633667
44 23.119323015213013
46 23.223698139190674
45 23.326631784439087
45 23.43000102043152
45 23.534352779388428
44 23.639296054840088
45 23.74509596824646
45 23.848321676254272
45 23.95277738571167
45 24.057403802871704
45 24.160064220428467
45 24.26452374458313
45 24.368979692459106
45 24.471762895584106
46 24.57621431350708
45 24.679436922073364
45 24.783792972564697
45 24.889001846313477
45 24.99276328086853
45 25.096234798431396
44 25.19933295249939
45 25.304195165634155
45 25.4088613986969
45 25.51204538345337
45 25.61585760116577
49 25.720197439193726
45 25.82452154159546
45 25.927931785583496
45 26.031253576278687
45 26.13516855239868
44 26.239691257476807
44 26.34234356880188
45 26.446531295776367
44 26.55040669441223
44 26.654325008392334
44 26.758687257766724
44 26.862541913986206
48 26.965763330459595
45 27.070055961608887
48 27.173438549041748
45 27.27738881111145
44 27.381192445755005
44 27.485111236572266
45 27.590196132659912
46 27.694005966186523
45 27.798518419265747
45 27.90220284461975
45 28.006396532058716
45 28.10943579673767
45 28.212166786193848
45 28.31599712371826
46 28.42033338546753
44 28.5228853225708
46 28.626938343048096
46 28.730584144592285
45 28.835930109024048
46 28.941211223602295
46 29.044525861740112
46 29.148725748062134
46 29.25263237953186
46 29.357475519180298
45 29.46049404144287
46 29.564285039901733
46 29.669026613235474
45 29.77428698539734
45 29.87749743461609
46 29.981188774108887
46 30.085541248321533
46 30.19031310081482
45 30.294376134872437
46 30.398744344711304
45 30.503253698349
45 30.607215642929077
45 30.710472345352173
46 30.815330743789673
45 30.919763565063477
46 31.024686574935913
45 31.12773871421814
45 31.2319655418396
45 31.336466073989868
45 31.44005036354065
45 31.54325795173645
45 31.64681577682495
45 31.75139093399048
49 31.855921745300293
45 31.959124326705933
45 32.06224727630615
45 32.16573190689087
45 32.269673347473145
45 32.37479567527771
45 32.47743606567383
45 32.581066370010376
45 32.68494749069214
45 32.78948616981506
45 32.89273023605347
45 32.997053384780884
46 33.10109615325928
45 33.20535898208618
45 33.30919098854065
45 33.41373896598816
45 33.51750111579895
46 33.62264943122864
46 33.726333141326904
46 33.82983374595642
46 33.934518337249756
46 34.04035997390747
46 34.14389705657959
46 34.24778866767883
46 34.35217261314392
47 34.45500326156616
47 34.558316230773926
46 34.66236352920532
47 34.76649451255798
46 34.87118649482727
45 34.97527027130127
45 35.07953429222107
45 35.18392014503479
45 35.28849697113037
45 35.391913414001465
45 35.49534273147583
45 35.59986472129822
45 35.70449948310852
44 35.8075966835022
44 35.911951303482056
44 36.01592016220093
45 36.12057161331177
44 36.22391390800476
45 36.32799744606018
44 36.431885957717896
45 36.5370819568634
44 36.63987946510315
45 36.74434185028076
45 36.84884023666382
45 36.95336985588074
45 37.0581271648407
45 37.1620147228241
45 37.26616549491882
45 37.370246171951294
45 37.472898960113525
45 37.57681965827942
45 37.68119192123413
45 37.78549385070801
45 37.890137910842896
46 37.99283790588379
46 38.09510040283203
46 38.1971971988678
46 38.29949688911438
46 38.40161728858948
45 38.504156827926636
46 38.60711479187012
46 38.70943808555603
46 38.813379526138306
46 38.9184410572052
46 39.02178716659546
46 39.125802755355835
46 39.22958779335022
46 39.334824085235596
46 39.437952518463135
46 39.54054665565491
46 39.64307355880737
46 39.74580192565918
45 39.850756883621216
45 39.955358266830444
45 40.05778098106384
46 40.15969228744507
46 40.26210021972656
45 40.36447834968567
45 40.46703910827637
45 40.57020711898804
45 40.67400503158569
45 40.777928829193115
45 40.881417751312256
45 40.985291481018066
45 41.088072538375854
45 41.192322969436646
45 41.29569721221924
45 41.40018177032471
46 41.50365424156189
45 41.607924699783325
45 41.71100449562073
45 41.81507086753845
45 41.91909170150757
46 42.02303719520569
45 42.125677824020386
45 42.22911357879639
46 42.33371901512146
45 42.44181704521179
45 42.54510998725891
45 42.649293661117554
46 42.752644300460815
46 42.85633850097656
45 42.96169853210449
46 43.06546640396118
46 43.1697359085083
46 43.27415704727173
47 43.37665057182312
46 43.48035740852356
46 43.58468413352966
46 43.68899655342102
47 43.794588565826416
47 43.897656202316284
47 44.002002000808716
46 44.10631322860718
46 44.21275854110718
46 44.316290855407715
45 44.42093586921692
45 44.52565932273865
45 44.62855935096741
45 44.732441663742065
46 44.837706089019775
46 44.94275975227356
45 45.046154260635376
46 45.14939641952515
45 45.253539085388184
44 45.3576500415802
45 45.46050262451172
45 45.56389379501343
45 45.66808557510376
45 45.77286458015442
45 45.879279375076294
46 45.98252749443054
45 46.086737632751465
45 46.19143080711365
45 46.29617667198181
45 46.40009903907776
45 46.50508737564087
45 46.61004829406738
44 46.71357774734497
45 46.81695747375488
46 46.920477867126465
46 47.02480101585388
46 47.12957286834717
45 47.232929944992065
46 47.33708477020264
46 47.44256806373596
45 47.54646897315979
46 47.64990472793579
46 47.75351881980896
46 47.85821723937988
45 47.96365714073181
46 48.067875385284424
46 48.172380685806274
46 48.27877688407898
46 48.38334369659424
46 48.48706674575806
45 48.59121608734131
45 48.69598031044006
45 48.798810958862305
46 48.90196180343628
46 49.00598931312561
45 49.10999512672424
45 49.214691400527954
45 49.317665338516235
46 49.42254447937012
45 49.5271053314209
45 49.63203954696655
45 49.735512256622314
45 49.839964151382446
45 49.94510078430176
49 50.050153970718384
49 50.15329933166504
45 50.25739550590515
49 50.361016273498535
45 50.46350574493408
45 50.5674033164978
45 50.671067237854004
45 50.77528405189514
45 50.88051390647888
45 50.98406791687012
44 51.08886456489563
45 51.19250822067261
45 51.29617524147034
46 51.39903497695923
45 51.502318143844604
46 51.60668444633484
46 51.7121639251709
45 51.81585669517517
46 51.91970157623291
46 52.02358555793762
45 52.12803673744202
46 52.23080492019653
46 52.33408808708191
46 52.43966817855835
45 52.54466533660889
46 52.649357318878174
46 52.75283670425415
46 52.85694742202759
46 52.961177587509155
46 53.06361484527588
46 53.167104721069336
46 53.27115845680237
46 53.37644100189209
45 53.48068284988403
45 53.58419919013977
45 53.68812108039856
45 53.7923150062561
44 53.896026611328125
45 54.00035643577576
45 54.10364365577698
49 54.208032846450806
45 54.31297755241394
45 54.41621208190918
45 54.52003717422485
45 54.624032497406006
45 54.728339433670044
49 54.83172082901001
45 54.93566823005676
44 55.04069948196411
44 55.14497971534729
46 55.24801969528198
49 55.35194277763367
45 55.45542669296265
46 55.55895113945007
45 55.66416573524475
46 55.767301082611084
45 55.87185835838318
45 55.97660255432129
45 56.081774950027466
46 56.1858766078949
45 56.290459394454956
46 56.39578080177307
46 56.499064445495605
46 56.60249209403992
45 56.70705580711365
45 56.812068462371826
46 56.91497254371643
46 57.01937294006348
45 57.124550342559814
46 57.22942924499512
46 57.332138776779175
45 57.43645405769348
46 57.54054403305054
47 57.64593553543091
46 57.74845838546753
46 57.85199689865112
46 57.9562041759491
45 58.059935092926025
45 58.16538119316101
46 58.26930069923401
45 58.37338662147522
45 58.47585725784302
45 58.58060050010681
45 58.683685541152954
44 58.78733253479004
45 58.89243745803833
44 58.996992349624634
44 59.100152254104614
45 59.20351028442383
49 59.30811381340027
45 59.41434454917908
45 59.51749634742737
45 59.6202917098999
45 59.724077224731445
45 59.82873272895813
45 59.93253946304321
46 60.03578424453735
45 60.13985323905945
45 60.24457263946533
44 60.34734845161438
45 60.450708627700806
46 60.55429458618164
45 60.65870761871338
45 60.764333724975586
45 60.868337631225586
46 60.97218108177185
45 61.07626795768738
45 61.17959213256836
46 61.282766819000244
45 61.38628673553467
46 61.489609241485596
46 61.59268832206726
46 61.69562768936157
46 61.798983335494995
46 61.90337777137756
46 62.00822067260742
46 62.11062455177307
46 62.2148494720459
45 62.319310426712036
46 62.42489051818848
45 62.53040599822998
45 62.635255098342896
45 62.740058183670044
46 62.844515800476074
49 62.9479079246521
46 63.05188870429993
50 63.155460357666016
46 63.26093578338623
49 63.36431932449341
46 63.467252254486084
46 63.572102069854736
45 63.6772027015686
45 63.77980899810791
45 63.88314151763916
49 63.98754572868347
46 64.09245872497559
49 64.19775223731995
45 64.30195808410645
46 64.40562534332275
46 64.51054739952087
46 64.61549377441406
45 64.71931600570679
45 64.82361936569214
45 64.92885637283325
45 65.03244996070862
46 65.13576579093933
46 65.2398636341095
46 65.34406018257141
46 65.44710683822632
46 65.55037379264832
46 65.6544086933136
45 65.75818538665771
45 65.8637306690216
46 65.96715545654297
45 66.07206988334656
46 66.17661714553833
46 66.28153705596924
45 66.38475704193115
46 66.4891791343689
46 66.59382843971252
46 66.69897365570068
46 66.80232357978821
45 66.90603184700012
46 67.00985717773438
45 67.11452555656433
45 67.21753859519958
46 67.3211350440979
46 67.42486143112183
45 67.52884602546692
45 67.63200950622559
45 67.73545169830322
49 67.84040117263794
46 67.94632649421692
45 68.05002999305725
45 68.15403151512146
44 68.25840663909912
45 68.36212801933289
48 68.46511960029602
45 68.568528175354
45 68.67267441749573
48 68.77747297286987
45 68.87971138954163
45 68.9828953742981
45 69.08708596229553
45 69.19154262542725
45 69.2963604927063
46 69.40065312385559
46 69.50414228439331
46 69.60837507247925
46 69.71426630020142
46 69.81792950630188
46 69.92225503921509
46 70.02680516242981
46 70.13144111633301
46 70.23439621925354
46 70.33872866630554
46 70.44371461868286
46 70.54898500442505
46 70.6522057056427
46 70.7561445236206
46 70.86062979698181
46 70.96526026725769
46 71.06921553611755
46 71.1734893321991
46 71.27718591690063
46 71.3816933631897
45 71.48495531082153
46 71.58934879302979
46 71.6932156085968
46 71.79811668395996
45 71.90163803100586
46 72.00573229789734
46 72.10913562774658
45 72.21284747123718
45 72.31585383415222
46 72.41977405548096
45 72.52399325370789
46 72.6283278465271
46 72.7315285205841
44 72.83468508720398
46 72.93934488296509
46 73.0436692237854
45 73.14984035491943
44 73.25383996963501
46 73.35860276222229
45 73.46165943145752
45 73.56683468818665
45 73.67058849334717
46 73.77480959892273
46 73.88096499443054
46 73.98405289649963
46 74.0877730846405
46 74.19165992736816
46 74.29661011695862
46 74.40018486976624
46 74.50439810752869
46 74.60898637771606
46 74.71451187133789
46 74.81843876838684
46 74.92211508750916
47 75.02545022964478
46 75.12960577011108
47 75.23228359222412
46 75.33553981781006
47 75.43871426582336
46 75.54258799552917
46 75.64727592468262
47 75.75044560432434
46 75.8544716835022
46 75.95817017555237
46 76.06276798248291
46 76.16628909111023
46 76.26989030838013
45 76.37327694892883
46 76.47628355026245
46 76.5811038017273
45 76.68409490585327
49 76.7874538898468
46 76.89203333854675
45 76.99756789207458
46 77.10084438323975
45 77.20536923408508
45 77.31023859977722
46 77.41291403770447
49 77.5168104171753
49 77.62036371231079
49 77.72515511512756
45 77.82870125770569
50 77.93217492103577
46 78.03564620018005
46 78.14026403427124
45 78.24529600143433
46 78.34886813163757
45 78.45274949073792
46 78.55737042427063
46 78.661625623703
46 78.76493096351624
46 78.8688325881958
46 78.97269034385681
47 79.07694673538208
50 79.18037676811218
46 79.28432989120483
45 79.38883590698242
47 79.49402713775635
47 79.5974862575531
47 79.70113849639893
46 79.80598402023315
46 79.90959215164185
47 80.0133306980133
46 80.11679649353027
47 80.22157073020935
46 80.3258707523346
46 80.43077278137207
47 80.53427529335022
47 80.63839983940125
47 80.7422239780426
46 80.84895038604736
46 80.95266675949097
46 81.05659914016724
47 81.16134357452393
46 81.26454639434814
46 81.36877965927124
46 81.47275900840759
46 81.57662391662598
45 81.68164348602295
45 81.78558731079102
45 81.88969087600708
45 81.99457597732544
46 82.09732365608215
49 82.2009174823761
46 82.3044855594635
45 82.4092845916748
49 82.51572465896606
46 82.6194634437561
46 82.72382664680481
46 82.82779335975647
50 82.93222737312317
46 83.03545928001404
46 83.13955044746399
46 83.24371027946472
47 83.34631586074829
46 83.44986820220947
46 83.55362915992737
46 83.65680050849915
47 83.76148796081543
46 83.86465954780579
47 83.96850299835205
46 84.07306003570557
46 84.17733383178711
46 84.28057718276978
46 84.38451361656189
46 84.48766541481018
46 84.59198546409607
45 84.69667339324951
46 84.80043268203735
46 84.90443992614746
46 85.00906038284302
46 85.11342310905457
46 85.21674966812134
47 85.32165193557739
47 85.42693090438843
45 85.5305061340332
46 85.6340343952179
46 85.73873448371887
46 85.84366345405579
46 85.9499044418335
46 86.0541889667511
46 86.15845894813538
46 86.26311898231506
45 86.36656618118286
46 86.46971344947815
46 86.57438898086548
46 86.67905974388123
46 86.781898021698
46 86.88495445251465
49 86.99006581306458
45 87.09469985961914
46 87.19914197921753
45 87.3028244972229
46 87.40756821632385
46 87.51215672492981
46 87.61649227142334
46 87.71982789039612
46 87.82262849807739
46 87.9267783164978
46 88.03078699111938
47 88.13380432128906
47 88.2386200428009
46 88.34321093559265
46 88.44813680648804
46 88.55189037322998
47 88.65568351745605
46 88.76133513450623
47 88.86659359931946
46 88.96964120864868
46 89.07388377189636
46 89.17949414253235
46 89.2814302444458
46 89.38464212417603
46 89.4873788356781
46 89.59164118766785
46 89.69620609283447
46 89.79940676689148
45 89.90361213684082
46 90.0080418586731
49 90.11293315887451
49 90.21593713760376
46 90.32033157348633
46 90.42476677894592
46 90.52931952476501
46 90.632648229599
46 90.73590016365051
46 90.83931064605713
46 90.94267702102661
46 91.04754900932312
46 91.15095639228821
47 91.2545690536499
46 91.35946822166443
46 91.46205592155457
47 91.56579303741455
46 91.66957783699036
46 91.77355909347534
47 91.87832260131836
46 91.98194527626038
46 92.08565044403076
46 92.1904296875
46 92.2939510345459
46 92.39754962921143
46 92.50102519989014
46 92.6053147315979
46 92.70897078514099
46 92.81208872795105
49 92.91578793525696
46 93.01951503753662
49 93.12338447570801
45 93.22821259498596
46 93.33274722099304
45 93.43664932250977
45 93.54159951210022
49 93.646404504776
45 93.74978852272034
45 93.85380387306213
49 93.95893383026123
45 94.0641918182373
45 94.16846561431885
45 94.2721939086914
46 94.37574672698975
50 94.48063325881958
45 94.58418369293213
46 94.68784546852112
46 94.79191160202026
45 94.89621305465698
46 95.00051188468933
47 95.10566353797913
46 95.21039342880249
47 95.31766247749329
47 95.42106866836548
46 95.52463936805725
47 95.62907457351685
46 95.73215079307556
47 95.83569979667664
46 95.93979692459106
47 96.04396438598633
46 96.14820575714111
46 96.25159692764282
46 96.35544681549072
46 96.45899176597595
46 96.5641279220581
46 96.66733288764954
46 96.77174043655396
46 96.87587118148804
46 96.98036479949951
46 97.08397316932678
46 97.18771839141846
46 97.29278683662415
45 97.3969795703888
45 97.49990391731262
45 97.60319113731384
46 97.7073917388916
45 97.81226015090942
46 97.91544818878174
46 98.0197958946228
45 98.12367701530457
46 98.22795176506042
46 98.33274459838867
49 98.43761777877808
45 98.54179739952087
45 98.64677834510803
47 98.74993538856506
46 98.8533103466034
46 98.95781207084656
46 99.0632677078247
46 99.1667492389679
46 99.27070450782776
50 99.37482500076294
46 99.47928833961487
46 99.58294630050659
46 99.68694853782654
46 99.79128909111023
46 99.8952157497406
46 99.99782943725586
47 100.10151767730713
47 100.20540642738342
47 100.31018924713135
47 100.41687607765198
47 100.52131748199463
47 100.624844789505
46 100.72931623458862
46 100.83222889900208
46 100.93606472015381
46 101.03945446014404
50 101.14346528053284
46 101.24830770492554
46 101.3523530960083
45 101.45471262931824
46 101.55923199653625
45 101.66367769241333
46 101.7673327922821
46 101.87117457389832
50 101.97636938095093
46 102.08249926567078
48 102.18536949157715
49 102.28902888298035
45 102.39358448982239
46 102.49723887443542
45 102.60069799423218
45 102.70409870147705
45 102.8080997467041
47 102.91197156906128
47 103.01501512527466
47 103.11834836006165
47 103.22200798988342
47 103.32617092132568
43 103.4297924041748
43 103.533132314682
46 103.63764262199402
46 103.74160051345825
46 103.84692168235779
43 103.94995427131653
42 104.05341410636902
42 104.15743041038513
42 104.26274013519287
46 104.36607599258423
42 104.46889424324036
42 104.57253742218018
45 104.67570233345032
42 104.77886366844177
45 104.8828136920929
45 104.98564553260803
45 105.09067463874817
45 105.19685173034668
42 105.30041408538818
42 105.40497255325317
46 105.50891709327698
43 105.614022731781
46 105.71732425689697
42 105.8224835395813
46 105.92676877975464
43 106.02959299087524
46 106.1332437992096
43 106.23710703849792
43 106.34163641929626
43 106.44674873352051
43 106.55067729949951
43 106.65555787086487
42 106.76085638999939
43 106.86372470855713
43 106.9672019481659
46 107.07074308395386
43 107.17512941360474
43 107.2796049118042
42 107.38277554512024
43 107.48743009567261
42 107.5912663936615
46 107.69694185256958
46 107.79995393753052
42 107.90368556976318
46 108.00850224494934
46 108.1132481098175
43 108.21630430221558
46 108.31993865966797
46 108.42392373085022
43 108.52842354774475
43 108.63159108161926
43 108.73577117919922
43 108.83871388435364
43 108.94235873222351
43 109.04635381698608
43 109.14985990524292
47 109.25381064414978
43 109.35811400413513
43 109.46081066131592
43 109.56407761573792
46 109.66788601875305
43 109.77274656295776
43 109.87720704078674
44 109.98027491569519
44 110.0832211971283
44 110.18761348724365
45 110.29069566726685
44 110.39426684379578
44 110.49819374084473
44 110.60246133804321
44 110.7067141532898
44 110.80962419509888
44 110.91293621063232
47 111.01634192466736
43 111.12045407295227
43 111.22507834434509
43 111.32819676399231
44 111.43298602104187
47 111.53655934333801
46 111.63983535766602
44 111.7435302734375
44 111.8474645614624
44 111.9518506526947
43 112.05609965324402
46 112.15941882133484
47 112.26256656646729
47 112.3669810295105
44 112.47076368331909
44 112.5757384300232
47 112.67893767356873
47 112.78390145301819
48 112.88741660118103
44 112.99254965782166
45 113.09632182121277
48 113.20021748542786
45 113.30472612380981
48 113.40722155570984
45 113.5114357471466
44 113.61582684516907
44 113.71988987922668
45 113.82436275482178
44 113.92774224281311
45 114.0313982963562
45 114.13675022125244
45 114.24201393127441
46 114.3452501296997
45 114.44884085655212
46 114.55359387397766
46 114.6586184501648
45 114.76251554489136
45 114.86704707145691
45 114.97072124481201
46 115.07587480545044
45 115.17975878715515
45 115.28414249420166
45 115.38865280151367
44 115.49163222312927
44 115.5956642627716
45 115.69915294647217
45 115.80334115028381
44 115.90834951400757
48 116.01188111305237
45 116.11704635620117
45 116.22106885910034
43 116.32589554786682
44 116.43026161193848
48 116.53423380851746
48 116.63808727264404
48 116.74144506454468
45 116.84481024742126
48 116.94774556159973
44 117.05175805091858
45 117.15674138069153
45 117.26006436347961
45 117.36290550231934
45 117.4661979675293
45 117.56987595558167
45 117.67405986785889
48 117.77757000923157
46 117.8828706741333
46 117.98709964752197
46 118.09159207344055
45 118.19523167610168
46 118.29987621307373
45 118.4051513671875
45 118.50782346725464
46 118.61135792732239
45 118.71503186225891
46 118.81904697418213
50 118.92420625686646
47 119.02790570259094
46 119.13306403160095
46 119.23745107650757
46 119.3421082496643
46 119.44456219673157
46 119.54837322235107
50 119.65204334259033
46 119.75661540031433
47 119.86111402511597
50 119.96500420570374
45 120.07046413421631
