34 1.430511474609375e-06
36 0.6250460147857666
36 0.7282733917236328
36 0.8301596641540527
35 0.9326083660125732
35 1.0350143909454346
33 1.1372973918914795
32 1.2399821281433105
32 1.3421576023101807
32 1.4447569847106934
30 1.5466468334197998
30 1.6494488716125488
29 1.7520673274993896
28 1.8544440269470215
27 1.956712245941162
27 2.059044361114502
27 2.1616053581237793
26 2.2642037868499756
27 2.366797685623169
26 2.4691905975341797
25 2.571354389190674
25 2.6735782623291016
25 2.7759883403778076
25 2.8780643939971924
25 2.9801883697509766
26 3.082737445831299
26 3.1850812435150146
28 3.2874836921691895
31 3.3895087242126465
32 3.491520881652832
34 3.5937530994415283
34 3.6958370208740234
35 3.798623561859131
36 3.9015004634857178
37 4.0035810470581055
37 4.10564661026001
39 4.207824468612671
40 4.3100059032440186
39 4.4120965003967285
40 4.5141921043396
39 4.616464614868164
41 4.718692779541016
39 4.821477174758911
39 4.923799753189087
39 5.0264928340911865
40 5.128719091415405
39 5.231346845626831
39 5.3339056968688965
39 5.436137676239014
39 5.538273096084595
38 5.640368461608887
38 5.742573261260986
38 5.844794034957886
37 5.947044610977173
35 6.0493738651275635
35 6.152074098587036
34 6.2544896602630615
34 6.3568408489227295
32 6.459121227264404
31 6.5613274574279785
29 6.66387677192688
28 6.766340255737305
26 6.868706941604614
27 6.9711525440216064
25 7.073436737060547
25 7.175614595413208
25 7.277838468551636
26 7.380058765411377
26 7.48227858543396
26 7.584620714187622
26 7.686796426773071
25 7.789074182510376
26 7.891351699829102
26 7.993753433227539
28 8.096096277236938
29 8.19847846031189
31 8.300841331481934
32 8.403007745742798
33 8.50540018081665
33 8.60772180557251
35 8.70997142791748
36 8.812361478805542
37 8.914698123931885
38 9.017112016677856
38 9.11948299407959
38 9.22191834449768
39 9.324315547943115
39 9.426499366760254
38 9.528960943222046
39 9.631166219711304
40 9.733229398727417
40 9.835711240768433
39 9.93756914138794
40 10.039456129074097
40 10.141401290893555
39 10.243309736251831
39 10.345170736312866
40 10.447333335876465
40 10.549436569213867
39 10.651655435562134
38 10.753956079483032
38 10.85599422454834
37 10.958486795425415
36 11.06078052520752
35 11.163152933120728
34 11.265763998031616
35 11.368351459503174
33 11.470625162124634
33 11.572670459747314
32 11.674976825714111
29 11.777331590652466
28 11.879891633987427
29 11.982299327850342
28 12.084563493728638
28 12.186908483505249
28 12.289330244064331
28 12.39188838005066
28 12.494179010391235
28 12.596604108810425
27 12.698996305465698
28 12.80150842666626
28 12.90382695198059
28 13.006073713302612
28 13.108353614807129
30 13.210775375366211
30 13.312994718551636
32 13.41517972946167
34 13.517614841461182
35 13.619955062866211
37 13.722463369369507
37 13.825026035308838
37 13.927583932876587
38 14.030988693237305
37 14.133723020553589
37 14.236644744873047
38 14.338953971862793
38 14.441402673721313
39 14.543699741363525
39 14.646333456039429
38 14.748634576797485
38 14.850951433181763
37 14.953704833984375
39 15.056387662887573
39 15.1588454246521
38 15.261215448379517
38 15.363701343536377
39 15.466230154037476
38 15.568824529647827
38 15.670821189880371
37 15.772865056991577
38 15.874953031539917
38 15.97729229927063
37 16.07939577102661
37 16.18142032623291
35 16.283549785614014
34 16.385561227798462
34 16.488083839416504
32 16.591283559799194
32 16.6947124004364
31 16.7982017993927
29 16.90233016014099
29 17.005290985107422
28 17.108919858932495
28 17.212976455688477
27 17.317270517349243
27 17.422179222106934
26 17.526352167129517
25 17.63006329536438
25 17.73383855819702
26 17.837134838104248
26 17.94061851501465
26 18.044279098510742
26 18.148203372955322
25 18.252405405044556
26 18.35582971572876
26 18.45877170562744
26 18.562127113342285
29 18.66547131538391
31 18.76929759979248
34 18.87280774116516
35 18.9784893989563
35 19.08327031135559
35 19.18723225593567
37 19.29081392288208
38 19.39446187019348
38 19.49811816215515
38 19.60164189338684
39 19.706199884414673
39 19.809754371643066
39 19.9137122631073
39 20.017863512039185
39 20.121195077896118
39 20.22524404525757
39 20.32880163192749
40 20.433950424194336
39 20.53718113899231
39 20.640035390853882
39 20.744321823120117
39 20.84879994392395
40 20.951789379119873
40 21.055134296417236
39 21.159034252166748
39 21.262725591659546
37 21.36668372154236
37 21.469694137573242
39 21.57442045211792
37 21.677860498428345
36 21.781723022460938
36 21.885266304016113
35 21.989274978637695
34 22.092395305633545
34 22.196815490722656
32 22.29987144470215
31 22.40346908569336
30 22.507073163986206
28 22.611963510513306
27 22.715370178222656
25 22.81884455680847
25 22.922359228134155
24 23.025705337524414
24 23.131125688552856
24 23.23473310470581
24 23.338897943496704
23 23.443814277648926
24 23.54815936088562
22 23.652178525924683
23 23.756093978881836
23 23.859578371047974
25 23.963573932647705
25 24.067233324050903
26 24.17190170288086
29 24.276592016220093
30 24.38065767288208
31 24.48377561569214
32 24.587064266204834
35 24.69033932685852
33 24.794785499572754
34 24.89828634262085
35 25.00210165977478
36 25.105236530303955
36 25.209935188293457
36 25.315001964569092
36 25.41807770729065
36 25.522634744644165
36 25.62693166732788
36 25.732098817825317
36 25.835625171661377
36 25.939732789993286
35 26.04429292678833
36 26.146533250808716
35 26.25023865699768
35 26.353418111801147
36 26.45732283592224
37 26.56259274482727
36 26.666168212890625
36 26.769489526748657
36 26.873239278793335
35 26.977669954299927
35 27.082023859024048
33 27.18497085571289
34 27.28989577293396
33 27.393600702285767
32 27.496708154678345
31 27.60051441192627
28 27.705368280410767
28 27.809479475021362
27 27.913208961486816
26 28.015960693359375
26 28.11998724937439
25 28.22368812561035
26 28.328546047210693
26 28.431902647018433
26 28.536147594451904
25 28.64024043083191
26 28.74443817138672
25 28.84747052192688
25 28.951218843460083
26 29.055321216583252
27 29.15957760810852
26 29.26267385482788
27 29.365779161453247
28 29.47063708305359
28 29.574716806411743
30 29.677273511886597
32 29.780584812164307
33 29.884063243865967
33 29.98712468147278
34 30.090449333190918
34 30.1938955783844
35 30.298182010650635
35 30.40197730064392
35 30.506314039230347
35 30.609083890914917
36 30.71294403076172
37 30.816614389419556
36 30.920595407485962
36 31.024216890335083
37 31.128345012664795
36 31.23180341720581
36 31.33605980873108
37 31.439521551132202
37 31.5422420501709
37 31.64601421356201
36 31.75005054473877
37 31.854161500930786
37 31.957184553146362
36 32.06085395812988
36 32.16437768936157
35 32.2677116394043
35 32.37109637260437
34 32.473881244659424
34 32.57704496383667
33 32.681402921676636
33 32.78558969497681
32 32.88910627365112
32 32.99204421043396
30 33.09516882896423
29 33.19917058944702
29 33.30191254615784
28 33.40518808364868
27 33.509838581085205
28 33.61286807060242
27 33.717886447906494
27 33.82140851020813
26 33.925668239593506
26 34.0293173789978
26 34.1331684589386
26 34.236576795578
27 34.34167408943176
28 34.44632291793823
27 34.55061221122742
28 34.65429353713989
29 34.758195638656616
31 34.86190152168274
31 34.96578907966614
33 35.07006025314331
33 35.1732816696167
34 35.27687454223633
35 35.381091356277466
35 35.48409366607666
35 35.58796834945679
34 35.69133186340332
35 35.79502058029175
35 35.90019083023071
36 36.00326490402222
36 36.108853340148926
36 36.21242618560791
36 36.31698250770569
36 36.42029070854187
35 36.52582049369812
35 36.6302604675293
35 36.733150005340576
36 36.83673310279846
36 36.940863609313965
37 37.045387506484985
36 37.14984369277954
36 37.25316047668457
35 37.35794639587402
34 37.46168065071106
33 37.56651544570923
33 37.670618772506714
33 37.774213552474976
33 37.87799882888794
32 37.98138999938965
31 38.08429503440857
29 38.188337087631226
28 38.29208970069885
28 38.39595103263855
27 38.498671770095825
26 38.60230278968811
26 38.70597195625305
25 38.80936670303345
27 38.913145303726196
26 39.01596188545227
26 39.11943960189819
27 39.22345423698425
26 39.32881450653076
26 39.43194389343262
27 39.536184787750244
27 39.639758586883545
28 39.744285583496094
29 39.847071409225464
29 39.95012927055359
30 40.05322551727295
32 40.15607571601868
32 40.26012396812439
32 40.36376333236694
33 40.468132972717285
34 40.572229623794556
34 40.67574954032898
35 40.77872395515442
34 40.8827908039093
35 40.98638939857483
35 41.091015100479126
35 41.194268465042114
36 41.299139738082886
36 41.40377974510193
35 41.508195638656616
36 41.61170554161072
36 41.71643877029419
35 41.81991100311279
34 41.92352271080017
35 42.02865505218506
35 42.131492137908936
36 42.235817193984985
36 42.339099168777466
36 42.44401264190674
35 42.547170639038086
34 42.65054392814636
34 42.754091024398804
32 42.858662366867065
31 42.962329387664795
32 43.06591510772705
32 43.16991472244263
31 43.275655031204224
30 43.37999081611633
29 43.4838604927063
29 43.588759660720825
28 43.69239377975464
27 43.79666543006897
27 43.90008521080017
27 44.003490924835205
28 44.10715579986572
27 44.20978283882141
27 44.31315088272095
28 44.41676378250122
27 44.52097702026367
27 44.62631583213806
28 44.72975039482117
28 44.83409261703491
28 44.938164472579956
29 45.04300928115845
29 45.14698266983032
30 45.2510507106781
31 45.35490369796753
32 45.45864295959473
34 45.56261682510376
33 45.66683292388916
35 45.7709105014801
35 45.87571907043457
36 45.97910141944885
35 46.08362364768982
33 46.18774342536926
34 46.29172444343567
34 46.39471936225891
35 46.498525857925415
35 46.602845907211304
35 46.70651340484619
36 46.80967092514038
35 46.91368913650513
34 47.01740598678589
34 47.12104415893555
35 47.22643852233887
34 47.329957246780396
34 47.433735847473145
34 47.53778314590454
34 47.64124512672424
34 47.744200229644775
34 47.84851288795471
33 47.95227098464966
33 48.05620527267456
32 48.15985035896301
31 48.26362633705139
32 48.36692690849304
29 48.47136306762695
28 48.57453465461731
27 48.67758917808533
27 48.781327962875366
25 48.88633060455322
26 48.98884415626526
24 49.093777656555176
23 49.198028564453125
25 49.30333614349365
25 49.40578269958496
25 49.509010314941406
26 49.61271786689758
25 49.71595001220703
26 49.820462465286255
26 49.92413926124573
27 50.02958965301514
28 50.13370227813721
29 50.23809766769409
31 50.34284162521362
32 50.447784185409546
34 50.55301809310913
34 50.65830588340759
34 50.762415170669556
35 50.866026401519775
35 50.969953775405884
35 51.07310891151428
34 51.17631006240845
35 51.280237674713135
34 51.38445520401001
35 51.48855471611023
36 51.592729568481445
35 51.69621515274048
34 51.79985046386719
36 51.903615951538086
36 52.00693702697754
35 52.11041474342346
36 52.2134268283844
35 52.31758117675781
35 52.42117691040039
35 52.525060176849365
36 52.628326654434204
35 52.7321560382843
35 52.83658504486084
34 52.940799951553345
34 53.0449652671814
33 53.148210525512695
33 53.25293946266174
33 53.356385469436646
33 53.45938491821289
32 53.56343412399292
32 53.667006731033325
31 53.770554542541504
30 53.874860525131226
28 53.978617906570435
27 54.082133531570435
26 54.185871601104736
26 54.289350748062134
26 54.393285512924194
26 54.49755525588989
25 54.60158181190491
25 54.705421447753906
26 54.8091082572937
26 54.91251254081726
27 55.01601982116699
28 55.11887192726135
27 55.222424268722534
28 55.325578927993774
28 55.43042063713074
28 55.53291296958923
29 55.63760542869568
30 55.74314260482788
31 55.84813404083252
32 55.95063924789429
32 56.05433535575867
33 56.1593976020813
34 56.263848304748535
33 56.36727523803711
34 56.47011423110962
33 56.57392120361328
35 56.677990436553955
35 56.78148651123047
35 56.884976625442505
35 56.98830318450928
35 57.09138798713684
35 57.19545030593872
36 57.29824900627136
36 57.401411294937134
35 57.50536823272705
36 57.60978817939758
36 57.713510036468506
36 57.81680989265442
37 57.92070913314819
36 58.024352073669434
35 58.12842106819153
35 58.2319712638855
35 58.335832834243774
36 58.439799547195435
35 58.54422926902771
34 58.64752960205078
35 58.751009464263916
33 58.85471177101135
33 58.95866847038269
33 59.06185698509216
32 59.16623115539551
32 59.27000331878662
31 59.37417769432068
30 59.47814726829529
28 59.58129405975342
27 59.684475898742676
28 59.7885468006134
26 59.89403295516968
25 59.99818682670593
26 60.101513624191284
26 60.20566773414612
24 60.30928826332092
25 60.412861824035645
26 60.516615867614746
26 60.62208151817322
28 60.726664543151855
29 60.82978129386902
28 60.933472633361816
28 61.03814363479614
28 61.141945362091064
29 61.244964599609375
31 61.34812355041504
31 61.453476905822754
32 61.558051109313965
31 61.66047120094299
33 61.7647590637207
33 61.86860632896423
33 61.97157883644104
33 62.076645374298096
34 62.18021368980408
35 62.28405261039734
35 62.38796544075012
35 62.49134111404419
35 62.59446668624878
35 62.69791626930237
35 62.801432371139526
35 62.90474247932434
35 63.008787631988525
35 63.11160135269165
34 63.21499300003052
35 63.31949019432068
34 63.42335224151611
36 63.526055335998535
36 63.630650997161865
34 63.73561501502991
35 63.84029722213745
35 63.944127798080444
34 64.04734444618225
35 64.15109467506409
34 64.25587630271912
34 64.3603286743164
34 64.46385645866394
33 64.56836700439453
33 64.67298746109009
33 64.77665829658508
32 64.87990069389343
33 64.98458337783813
31 65.08836126327515
31 65.19107484817505
32 65.29411816596985
32 65.39794492721558
32 65.50138401985168
31 65.6073272228241
30 65.71098065376282
31 65.81427597999573
31 65.91795825958252
30 66.02178382873535
29 66.1244387626648
28 66.22823429107666
28 66.33221077919006
28 66.4361207485199
30 66.53916811943054
31 66.6431314945221
33 66.74681234359741
34 66.85044622421265
36 66.95619034767151
35 67.06032538414001
36 67.16401791572571
38 67.2690691947937
37 67.37214088439941
38 67.47546172142029
39 67.57890462875366
39 67.68289494514465
39 67.78715229034424
39 67.8900887966156
40 67.9947280883789
39 68.09819507598877
39 68.20307326316833
40 68.30613827705383
40 68.41000199317932
41 68.51466512680054
40 68.61930274963379
41 68.72231888771057
41 68.82608723640442
41 68.9300844669342
42 69.03381514549255
41 69.13710808753967
40 69.24144768714905
40 69.34628629684448
40 69.4511878490448
39 69.55424404144287
39 69.65753531455994
39 69.76106190681458
38 69.86484265327454
37 69.96784257888794
37 70.07096195220947
36 70.17497682571411
35 70.27832055091858
33 70.38126564025879
33 70.48404884338379
32 70.58763480186462
30 70.69166660308838
30 70.79670262336731
28 70.89882564544678
27 71.00222539901733
27 71.1055109500885
27 71.2113618850708
27 71.31635451316833
26 71.4197256565094
26 71.52475833892822
26 71.62915587425232
26 71.73384189605713
25 71.83687734603882
26 71.94027400016785
26 72.04374861717224
26 72.14884686470032
26 72.25187802314758
28 72.35483574867249
33 72.45780944824219
36 72.56277394294739
37 72.66587424278259
36 72.76944398880005
37 72.8734917640686
38 72.97658562660217
38 73.08132290840149
39 73.18514847755432
39 73.28903150558472
38 73.39286422729492
39 73.4970965385437
39 73.60070633888245
39 73.70470094680786
39 73.80904507637024
40 73.91420817375183
40 74.0181450843811
39 74.12098002433777
40 74.22478652000427
40 74.32952356338501
40 74.43343305587769
40 74.53751802444458
40 74.6404197216034
39 74.7440288066864
38 74.84705829620361
39 74.95117163658142
37 75.0541422367096
36 75.1576099395752
36 75.26129984855652
35 75.36439394950867
34 75.4683141708374
32 75.57333183288574
31 75.67842555046082
30 75.78152060508728
29 75.88534092903137
29 75.98987793922424
28 76.09480690956116
28 76.19858646392822
27 76.3028724193573
27 76.40662503242493
28 76.512366771698
28 76.61565613746643
29 76.7199854850769
28 76.82438015937805
30 76.92760348320007
30 77.03057312965393
32 77.13369178771973
34 77.23767876625061
34 77.34268736839294
36 77.44581842422485
36 77.5491554737091
37 77.65397310256958
38 77.75923252105713
39 77.86207890510559
38 77.96533417701721
39 78.0692343711853
40 78.17343139648438
40 78.27690172195435
39 78.38063430786133
39 78.48366594314575
39 78.58762741088867
40 78.69126152992249
40 78.79503965377808
39 78.89808177947998
40 79.00163245201111
40 79.10516548156738
39 79.20960664749146
40 79.31340265274048
40 79.4185643196106
39 79.52207660675049
40 79.62636685371399
39 79.72984027862549
39 79.83359718322754
39 79.93892121315002
39 80.04299020767212
38 80.14609122276306
37 80.24988079071045
37 80.35475540161133
36 80.4581446647644
36 80.56158256530762
36 80.66545224189758
34 80.77007961273193
35 80.87435460090637
34 80.97749996185303
32 81.08044815063477
32 81.1841721534729
32 81.28787183761597
31 81.39116764068604
31 81.49462270736694
31 81.59816408157349
31 81.70278930664062
32 81.80673313140869
32 81.91068196296692
32 82.0144419670105
34 82.11785864830017
34 82.2219762802124
34 82.32498002052307
35 82.42846655845642
34 82.53212189674377
36 82.63545513153076
37 82.73938775062561
37 82.84305429458618
38 82.94705319404602
37 83.05111956596375
38 83.15637111663818
38 83.25955200195312
39 83.3634123802185
38 83.46741890907288
39 83.5718355178833
38 83.67571544647217
39 83.78184747695923
40 83.88682794570923
39 83.9897518157959
39 84.0948383808136
40 84.19778084754944
40 84.30134725570679
39 84.40605807304382
39 84.50950002670288
39 84.61401677131653
39 84.71910524368286
39 84.8241126537323
39 84.9279637336731
38 85.03216743469238
37 85.13570356369019
38 85.2406153678894
36 85.34409403800964
36 85.44791531562805
36 85.55289244651794
36 85.65830087661743
34 85.76263546943665
34 85.86664581298828
34 85.97118878364563
32 86.07414960861206
32 86.17769169807434
31 86.28282570838928
31 86.38668060302734
31 86.49124145507812
30 86.5956346988678
32 86.69985699653625
33 86.80379104614258
33 86.90838599205017
33 87.01168513298035
34 87.11553239822388
34 87.2205867767334
34 87.32612776756287
33 87.42937469482422
34 87.53270077705383
34 87.63652896881104
34 87.74149966239929
36 87.84502148628235
36 87.94808268547058
36 88.05252361297607
37 88.15599489212036
38 88.25909757614136
37 88.3627815246582
37 88.4667615890503
37 88.57104396820068
39 88.67456698417664
39 88.77765369415283
39 88.88090825080872
39 88.98397278785706
39 89.08717346191406
39 89.19009494781494
39 89.29352807998657
39 89.39715456962585
39 89.5013382434845
39 89.60448384284973
39 89.7078070640564
39 89.8111526966095
39 89.91641759872437
39 90.01849222183228
39 90.121737241745
37 90.22483825683594
37 90.32813000679016
38 90.43185353279114
38 90.53458595275879
37 90.63755989074707
36 90.74252796173096
35 90.8484275341034
34 90.95183491706848
34 91.0555956363678
34 91.16066980361938
34 91.26578211784363
34 91.36889576911926
33 91.47277545928955
33 91.57812809944153
35 91.68256616592407
35 91.78538870811462
33 91.88854360580444
34 91.99280095100403
34 92.0964105129242
34 92.20128774642944
34 92.30528140068054
35 92.4100410938263
34 92.51470494270325
34 92.61958980560303
35 92.72280645370483
36 92.82740616798401
37 92.93127799034119
37 93.0360267162323
38 93.13958382606506
39 93.2436773777008
38 93.34933590888977
40 93.4544141292572
39 93.55803275108337
40 93.66123700141907
40 93.76540923118591
40 93.86938214302063
40 93.97358059883118
40 94.07713103294373
41 94.18172025680542
40 94.28507494926453
40 94.38864278793335
40 94.49217438697815
39 94.59582805633545
39 94.69955897331238
40 94.80290341377258
39 94.90619850158691
40 95.01036190986633
39 95.11391115188599
38 95.2180323600769
38 95.32095694541931
39 95.42470359802246
37 95.52806305885315
37 95.63179230690002
36 95.7347342967987
53 95.83780455589294
96 95.94177436828613
88 96.04723739624023
87 96.15100455284119
81 96.2545599937439
78 96.35930132865906
72 96.46489715576172
60 96.56790065765381
42 96.67215013504028
35 96.77586054801941
31 96.88014459609985
28 96.98386859893799
27 97.08676242828369
27 97.19048857688904
27 97.29525446891785
26 97.39783954620361
28 97.50247931480408
28 97.6065263748169
29 97.71088528633118
29 97.8149664402008
30 97.9182505607605
31 98.02247595787048
33 98.12725067138672
33 98.23179745674133
34 98.33541297912598
35 98.44021129608154
36 98.54501962661743
36 98.64853930473328
37 98.75277996063232
36 98.8565514087677
37 98.96065139770508
37 99.0636796951294
36 99.16798043251038
37 99.27234506607056
38 99.37677001953125
37 99.48077821731567
37 99.58408617973328
39 99.68688726425171
38 99.79130434989929
38 99.89515542984009
37 99.99838328361511
38 100.10260581970215
37 100.20593547821045
37 100.31004571914673
38 100.41337299346924
37 100.51773953437805
38 100.62140369415283
37 100.72585105895996
37 100.83117866516113
36 100.93548846244812
39 101.03910803794861
38 101.14273929595947
37 101.246750831604
36 101.35021948814392
36 101.45421886444092
36 101.55807161331177
36 101.66316366195679
35 101.76594400405884
36 101.86976981163025
35 101.97332644462585
34 102.07848525047302
34 102.18199563026428
32 102.28605437278748
31 102.38942432403564
32 102.49347138404846
32 102.59659576416016
32 102.6996967792511
33 102.80398178100586
32 102.90826940536499
33 103.0114643573761
34 103.11547827720642
35 103.2189691066742
34 103.32371425628662
35 103.42718029022217
35 103.53099226951599
36 103.63507771492004
37 103.73891711235046
36 103.84272885322571
38 103.9458155632019
37 104.04922437667847
38 104.15417146682739
38 104.25902390480042
38 104.36227178573608
38 104.46552324295044
38 104.56952166557312
39 104.67342853546143
40 104.77649164199829
40 104.88014054298401
39 104.98372197151184
39 105.08715724945068
39 105.1910834312439
40 105.29482316970825
40 105.3982744216919
41 105.50422286987305
40 105.6086905002594
39 105.71202683448792
39 105.81615090370178
39 105.92112851142883
39 106.02439570426941
39 106.12733197212219
39 106.23190641403198
39 106.33533549308777
38 106.43934488296509
37 106.54270005226135
36 106.64599871635437
35 106.7498607635498
35 106.85474443435669
35 106.95823574066162
34 107.06197953224182
32 107.16597652435303
31 107.27044725418091
30 107.37569260597229
29 107.47891640663147
28 107.58281183242798
29 107.68742275238037
29 107.7917263507843
27 107.89487075805664
27 107.99910473823547
28 108.10376310348511
28 108.20721578598022
28 108.31054639816284
30 108.41427755355835
32 108.51857113838196
33 108.62148904800415
35 108.72449064254761
34 108.82791113853455
36 108.93156147003174
38 109.03516387939453
39 109.14004778862
37 109.24371767044067
38 109.34759163856506
39 109.45135593414307
39 109.55537366867065
39 109.65982174873352
39 109.76298403739929
40 109.86774826049805
40 109.97161340713501
39 110.07446646690369
40 110.17804646492004
40 110.28371524810791
41 110.38800597190857
41 110.49152135848999
40 110.59504175186157
39 110.69847559928894
40 110.80299472808838
38 110.90607357025146
38 111.01029372215271
38 111.11455821990967
37 111.21963667869568
36 111.32290530204773
36 111.42715859413147
36 111.53145909309387
36 111.63619589805603
35 111.73964357376099
34 111.84303545951843
33 111.94710159301758
33 112.05184745788574
34 112.15521764755249
32 112.25907945632935
32 112.36254239082336
32 112.46634316444397
31 112.57242274284363
31 112.67536187171936
31 112.77888798713684
33 112.8835301399231
32 112.9876115322113
34 113.09127020835876
33 113.19477963447571
33 113.29823422431946
34 113.40209007263184
35 113.50595831871033
35 113.609858751297
35 113.71377658843994
35 113.81806516647339
35 113.92101979255676
37 114.02395296096802
39 114.1272840499878
39 114.23129224777222
38 114.33479380607605
38 114.43927550315857
38 114.54296541213989
38 114.64800977706909
39 114.75222730636597
40 114.85630106925964
39 114.95974063873291
41 115.06469655036926
40 115.16992616653442
39 115.27354693412781
39 115.37741041183472
38 115.4822850227356
39 115.58607840538025
39 115.68979382514954
39 115.79357075691223
40 115.89741063117981
39 116.0022087097168
39 116.10580563545227
39 116.20954966545105
40 116.31389451026917
39 116.4175283908844
37 116.52123808860779
36 116.62421178817749
37 116.72727656364441
36 116.83073115348816
34 116.93396711349487
33 117.03697800636292
31 117.14057040214539
30 117.24478220939636
30 117.34846353530884
28 117.451411485672
27 117.55520558357239
27 117.65981006622314
25 117.76313352584839
25 117.86574196815491
25 117.96921920776367
25 118.07319450378418
25 118.17784333229065
26 118.28217482566833
26 118.38550758361816
27 118.48857378959656
28 118.59275555610657
28 118.69768023490906
30 118.80099749565125
32 118.90473508834839
33 119.00849795341492
34 119.11208391189575
34 119.21672582626343
35 119.32036399841309
37 119.42382979393005
36 119.52773833274841
36 119.63056254386902
36 119.73414325714111
36 119.83767175674438
38 119.94067573547363
38 120.04540967941284
