17 1.1920928955078125e-06
17 0.5770711898803711
17 0.6811995506286621
17 0.7841587066650391
17 0.8871619701385498
17 0.9894521236419678
17 1.0914907455444336
17 1.1937382221221924
17 1.29597806930542
17 1.3984689712524414
17 1.5012929439544678
17 1.6038382053375244
17 1.706660509109497
17 1.8090016841888428
17 1.9118876457214355
17 2.014204978942871
17 2.1162819862365723
17 2.2184035778045654
17 2.3206655979156494
17 2.4228835105895996
17 2.5252022743225098
17 2.6277546882629395
17 2.7304391860961914
17 2.8327789306640625
17 2.935467004776001
17 3.0379931926727295
18 3.1407856941223145
18 3.243452548980713
18 3.346869707107544
18 3.449244260787964
18 3.5517611503601074
18 3.6541783809661865
18 3.7565505504608154
18 3.8591225147247314
18 3.9614853858947754
18 4.06391167640686
18 4.166155099868774
18 4.2685487270355225
18 4.37103796005249
18 4.4733498096466064
18 4.575735807418823
18 4.678483724594116
18 4.781102418899536
18 4.883389472961426
18 4.9856414794921875
18 5.087850332260132
18 5.190159559249878
18 5.292358160018921
18 5.3950605392456055
17 5.49751615524292
17 5.599822044372559
17 5.702056407928467
17 5.8043859004974365
17 5.90700101852417
17 6.0090861320495605
17 6.11150050163269
17 6.214040517807007
17 6.3169896602630615
17 6.419288158416748
17 6.521700143814087
17 6.624061346054077
17 6.726391315460205
17 6.8288633823394775
17 6.931262731552124
17 7.03376030921936
17 7.136017322540283
17 7.23832106590271
17 7.340984106063843
17 7.443509101867676
17 7.545961618423462
17 7.648623704910278
18 7.751014709472656
18 7.85326623916626
18 7.9557273387908936
18 8.058454036712646
18 8.160717487335205
18 8.263195753097534
18 8.365698337554932
18 8.468144655227661
18 8.570966720581055
18 8.673582792282104
18 8.77641248703003
18 8.879149675369263
18 8.981913566589355
18 9.084476470947266
18 9.186570167541504
18 9.288809776306152
18 9.391055822372437
18 9.493280410766602
18 9.595627784729004
18 9.697991371154785
18 9.800450563430786
18 9.90284538269043
18 10.004995346069336
17 10.107341289520264
17 10.209638833999634
17 10.312598705291748
17 10.414957761764526
17 10.517420291900635
17 10.61969780921936
17 10.722054719924927
17 10.824410676956177
17 10.926635980606079
17 11.028916597366333
17 11.131397485733032
17 11.233891725540161
17 11.33647632598877
17 11.438775539398193
17 11.540971279144287
17 11.643520832061768
17 11.746057510375977
17 11.848439455032349
17 11.950998544692993
17 12.053581953048706
17 12.15605092048645
17 12.258386373519897
17 12.360852003097534
17 12.463395357131958
17 12.565662384033203
17 12.668072938919067
17 12.770628690719604
17 12.873010158538818
17 12.975375413894653
17 13.077842473983765
17 13.180395364761353
17 13.282864332199097
18 13.3854501247406
18 13.48794937133789
18 13.590275049209595
18 13.692841529846191
18 13.795584678649902
18 13.898172616958618
17 14.000758171081543
17 14.103516101837158
17 14.205991744995117
17 14.308544635772705
17 14.411248922348022
17 14.513286352157593
17 14.615917205810547
17 14.718172073364258
17 14.820640325546265
17 14.923177242279053
17 15.025670051574707
17 15.127971649169922
16 15.23017954826355
17 15.332568168640137
16 15.434906959533691
17 15.537417650222778
17 15.639891386032104
17 15.743102550506592
17 15.845556497573853
17 15.94793438911438
17 16.050509214401245
17 16.152936697006226
17 16.255173206329346
17 16.35753846168518
17 16.46098232269287
17 16.564046382904053
17 16.66733717918396
17 16.770638942718506
17 16.873241662979126
17 16.976784706115723
17 17.08041548728943
17 17.18520188331604
18 17.289790391921997
18 17.39346194267273
18 17.49768614768982
18 17.60212540626526
18 17.705984354019165
18 17.809581756591797
17 17.91511344909668
17 18.01867961883545
17 18.123568296432495
17 18.227595567703247
17 18.331400632858276
17 18.43542766571045
16 18.54089069366455
17 18.644801139831543
17 18.749059915542603
16 18.853898286819458
17 18.959527254104614
17 19.0630521774292
17 19.1677029132843
17 19.27229905128479
17 19.377238988876343
16 19.480628967285156
16 19.583722352981567
17 19.687349796295166
17 19.79257297515869
17 19.896229028701782
17 20.00014090538025
17 20.10335087776184
17 20.20745348930359
17 20.311382293701172
17 20.415220260620117
17 20.51864528656006
17 20.622771501541138
17 20.7259840965271
17 20.82981300354004
17 20.934266090393066
17 21.039339542388916
17 21.14246654510498
18 21.245795488357544
17 21.34906768798828
17 21.45253086090088
18 21.556875467300415
18 21.659783363342285
17 21.763381719589233
17 21.867820262908936
17 21.97162652015686
17 22.07454824447632
17 22.177963733673096
17 22.282010078430176
17 22.38703465461731
17 22.490524291992188
17 22.593462228775024
17 22.697267532348633
17 22.80109477043152
17 22.905317544937134
17 23.009271144866943
17 23.113048315048218
17 23.21643352508545
16 23.319726943969727
16 23.42304015159607
17 23.526657104492188
17 23.63035488128662
17 23.734877109527588
17 23.838157892227173
17 23.941840171813965
17 24.045716524124146
17 24.149521589279175
17 24.253750801086426
17 24.3566734790802
17 24.461689710617065
17 24.565743923187256
17 24.6691677570343
17 24.774423122406006
17 24.878600358963013
17 24.982909679412842
17 25.08538269996643
17 25.188804388046265
17 25.29230308532715
17 25.396955251693726
17 25.500412464141846
17 25.60358190536499
17 25.70798659324646
17 25.81166648864746
17 25.916755199432373
17 26.020153522491455
17 26.12348437309265
17 26.228355407714844
17 26.333977937698364
16 26.437661170959473
16 26.541282176971436
16 26.64583921432495
17 26.752305507659912
17 26.855382919311523
17 26.959580659866333
17 27.063610315322876
17 27.167628049850464
16 27.27047324180603
17 27.37365198135376
16 27.478118181228638
16 27.582474946975708
17 27.6850004196167
17 27.789051055908203
17 27.89341449737549
17 27.997323036193848
17 28.102402448654175
17 28.206713676452637
17 28.310786485671997
17 28.4141104221344
17 28.51946449279785
17 28.622925758361816
17 28.72710394859314
17 28.8313090801239
17 28.935157537460327
17 29.038979291915894
17 29.141967296600342
17 29.24576187133789
17 29.35058093070984
17 29.453823804855347
17 29.55727481842041
17 29.660585641860962
18 29.763957262039185
17 29.867060899734497
17 29.97040104866028
17 30.074136972427368
17 30.177742958068848
17 30.282261610031128
17 30.385475635528564
17 30.48873734474182
16 30.59285831451416
17 30.697391748428345
17 30.801174879074097
17 30.905287981033325
16 31.008787393569946
17 31.11245584487915
17 31.21589493751526
16 31.31903100013733
16 31.42271637916565
17 31.527076721191406
16 31.630819082260132
16 31.734780073165894
17 31.838992834091187
17 31.944154977798462
17 32.048118591308594
17 32.15259265899658
17 32.25560808181763
17 32.359325885772705
17 32.46333408355713
17 32.5671169757843
17 32.67103624343872
17 32.775506258010864
17 32.88014221191406
17 32.98458766937256
17 33.08869457244873
17 33.1942982673645
17 33.2998743057251
17 33.40313911437988
17 33.50726389884949
17 33.61139535903931
17 33.713650703430176
17 33.81777262687683
17 33.92208194732666
17 34.026206731796265
17 34.13116669654846
17 34.23455858230591
17 34.33870887756348
17 34.443172454833984
17 34.54622483253479
17 34.64938020706177
17 34.75263977050781
17 34.85591745376587
17 34.95872759819031
17 35.06313395500183
17 35.16618824005127
16 35.271095514297485
17 35.37479043006897
17 35.479790449142456
16 35.583765506744385
16 35.68797302246094
17 35.79164123535156
16 35.8961079120636
16 35.999661922454834
17 36.10371422767639
17 36.20836591720581
17 36.31240892410278
17 36.41545510292053
17 36.51957368850708
17 36.62326741218567
17 36.72687292098999
17 36.829588413238525
17 36.9329719543457
17 37.036885023117065
17 37.14132022857666
17 37.24498987197876
17 37.348283529281616
17 37.45262670516968
17 37.55619955062866
17 37.660231828689575
17 37.76327419281006
17 37.866578102111816
17 37.96955871582031
17 38.072996854782104
17 38.176135301589966
17 38.279695987701416
17 38.38465356826782
17 38.49038290977478
17 38.59350371360779
17 38.69674301147461
17 38.80046844482422
16 38.90479040145874
17 39.01066327095032
17 39.11460876464844
17 39.21826100349426
16 39.323235750198364
17 39.42590832710266
17 39.52939462661743
17 39.633118629455566
17 39.73620533943176
16 39.840238094329834
16 39.94418215751648
16 40.047412157058716
16 40.1525399684906
16 40.25729775428772
16 40.36051893234253
17 40.46450352668762
17 40.5687210559845
17 40.6726016998291
16 40.77623200416565
17 40.8797926902771
17 40.982460737228394
16 41.08647537231445
17 41.190768241882324
17 41.29396295547485
17 41.397764444351196
17 41.50267481803894
17 41.607229232788086
17 41.71006178855896
17 41.813337564468384
17 41.917160511016846
17 42.020875692367554
17 42.12360739707947
17 42.227484703063965
17 42.33093452453613
17 42.434426069259644
17 42.53815937042236
17 42.641223192214966
17 42.74487900733948
17 42.84899973869324
17 42.95360565185547
17 43.05800986289978
17 43.162633180618286
17 43.268152952194214
17 43.3734405040741
17 43.47723579406738
17 43.58154487609863
17 43.686115741729736
17 43.78845429420471
17 43.89225769042969
16 43.9954731464386
17 44.10038685798645
16 44.20440483093262
16 44.308677196502686
16 44.411675691604614
16 44.51487493515015
17 44.6189239025116
17 44.7223756313324
17 44.826337814331055
17 44.9300491809845
17 45.03488349914551
17 45.13797426223755
17 45.2410569190979
17 45.344985008239746
17 45.44858169555664
17 45.55195069313049
17 45.654857873916626
17 45.75931239128113
17 45.86316204071045
17 45.96757984161377
17 46.071041107177734
17 46.17509317398071
17 46.27891778945923
17 46.38219928741455
17 46.48609161376953
17 46.589876890182495
17 46.694175004959106
17 46.79801964759827
17 46.90080189704895
17 47.00423264503479
17 47.10779285430908
17 47.21116781234741
17 47.31657433509827
17 47.42169260978699
16 47.52530384063721
17 47.63065195083618
17 47.735942363739014
17 47.83970522880554
17 47.94308638572693
17 48.04714608192444
17 48.15153694152832
17 48.25541877746582
17 48.35963010787964
16 48.46344709396362
16 48.567668199539185
16 48.67066311836243
16 48.77402472496033
16 48.87835216522217
16 48.98324513435364
16 49.08700180053711
17 49.19094181060791
16 49.29537034034729
17 49.40011930465698
16 49.50299620628357
16 49.60666060447693
17 49.71120023727417
17 49.81592655181885
17 49.92027735710144
17 50.02476167678833
17 50.129032373428345
17 50.234026193618774
17 50.33723020553589
17 50.44166851043701
17 50.54624009132385
17 50.6507785320282
17 50.75417637825012
17 50.857359886169434
17 50.96245193481445
17 51.06729602813721
17 51.170539140701294
17 51.27424192428589
17 51.37794375419617
16 51.48169732093811
16 51.58453559875488
16 51.6882050037384
16 51.79165172576904
17 51.89530873298645
16 51.99886512756348
16 52.10220527648926
17 52.205628395080566
17 52.310202836990356
17 52.4134840965271
16 52.516539335250854
16 52.62066197395325
17 52.72569489479065
16 52.82988476753235
16 52.93385100364685
16 53.03744578361511
16 53.14195466041565
16 53.246944427490234
17 53.35011434555054
16 53.45344138145447
17 53.558345794677734
16 53.661935567855835
17 53.76764726638794
17 53.871145725250244
17 53.97449994087219
17 54.0785551071167
17 54.18259859085083
17 54.2859320640564
17 54.389772176742554
17 54.49381065368652
17 54.59822177886963
17 54.70156741142273
17 54.806052923202515
17 54.9095196723938
17 55.01375913619995
17 55.11663317680359
17 55.22065043449402
17 55.324286222457886
16 55.42790484428406
16 55.532594203948975
16 55.63649773597717
16 55.74045729637146
17 55.84485340118408
16 55.94904851913452
16 56.052295446395874
16 56.155811071395874
17 56.25961947441101
17 56.36384963989258
17 56.46802854537964
16 56.57275056838989
17 56.677659034729004
16 56.78235626220703
16 56.886115312576294
16 56.99101662635803
16 57.09552621841431
16 57.19811224937439
16 57.30111742019653
16 57.405617237091064
16 57.51011514663696
16 57.61646795272827
16 57.72084856033325
16 57.82511591911316
16 57.929516553878784
16 58.03188991546631
16 58.134891748428345
16 58.2393958568573
16 58.34283781051636
17 58.44743800163269
17 58.550819873809814
17 58.65405082702637
16 58.75794816017151
17 58.86193346977234
17 58.964996576309204
17 59.06849384307861
17 59.17349696159363
17 59.27832102775574
17 59.38178253173828
17 59.485610485076904
17 59.59051990509033
17 59.6944055557251
17 59.79868412017822
17 59.90246391296387
16 60.005807638168335
16 60.11051678657532
16 60.21634912490845
16 60.32038354873657
16 60.424041986465454
16 60.52776622772217
16 60.63226342201233
17 60.73583173751831
16 60.83892893791199
16 60.94285249710083
16 61.04725956916809
16 61.15051007270813
16 61.253966093063354
17 61.357566356658936
16 61.46199107170105
16 61.566102027893066
16 61.67043399810791
16 61.774731397628784
16 61.87865614891052
16 61.982215881347656
16 62.085325479507446
16 62.18876671791077
16 62.293251037597656
16 62.39693093299866
16 62.50084948539734
16 62.604475021362305
16 62.70827651023865
17 62.81342816352844
16 62.916720151901245
17 63.019779205322266
16 63.12400841712952
17 63.227630853652954
16 63.33112144470215
17 63.435781478881836
17 63.53949856758118
17 63.64423370361328
17 63.747448682785034
17 63.85168433189392
17 63.957783460617065
16 64.06173014640808
16 64.16481423377991
16 64.26812410354614
16 64.37245178222656
16 64.47651290893555
16 64.5799446105957
16 64.68353629112244
16 64.78862833976746
16 64.89168000221252
17 64.99424743652344
16 65.0974931716919
16 65.2007966041565
16 65.3043053150177
16 65.40887355804443
16 65.51217675209045
15 65.61641120910645
16 65.72083187103271
16 65.82463216781616
16 65.92744588851929
16 66.03069472312927
16 66.13537669181824
16 66.2402606010437
16 66.34329748153687
16 66.44699668884277
16 66.55056548118591
16 66.65549039840698
16 66.76050019264221
16 66.86364769935608
16 66.96807527542114
16 67.07253646850586
16 67.1760516166687
16 67.27906894683838
17 67.38235926628113
17 67.4863817691803
16 67.58991575241089
16 67.69308400154114
16 67.7969982624054
16 67.90162229537964
16 68.00788855552673
16 68.11125206947327
16 68.21496987342834
16 68.31989407539368
16 68.42609453201294
17 68.52994680404663
16 68.63368678092957
16 68.73782157897949
16 68.84274911880493
16 68.94589233398438
16 69.05024075508118
16 69.15467548370361
16 69.2595283985138
16 69.36280488967896
16 69.46663284301758
16 69.57038640975952
16 69.67393946647644
16 69.77823853492737
16 69.88151860237122
16 69.98546957969666
16 70.0910005569458
16 70.19390392303467
17 70.29821443557739
17 70.40239667892456
17 70.50709629058838
16 70.61020517349243
16 70.71419334411621
17 70.81765532493591
16 70.92185521125793
17 71.02783846855164
16 71.13134121894836
16 71.23544359207153
17 71.3390736579895
16 71.44176125526428
16 71.54526734352112
16 71.64913392066956
16 71.75377178192139
16 71.85877799987793
16 71.9625597000122
16 72.06726551055908
17 72.17234706878662
18 72.27746057510376
19 72.38072156906128
19 72.48384070396423
19 72.58937859535217
19 72.69230246543884
18 72.79556798934937
17 72.89967632293701
16 73.00432968139648
16 73.10964322090149
16 73.21314287185669
15 73.31741189956665
16 73.42324018478394
15 73.52592587471008
16 73.62899088859558
16 73.7322244644165
16 73.8360755443573
16 73.940274477005
16 74.04336380958557
16 74.14691925048828
16 74.25112628936768
16 74.35571718215942
16 74.45853328704834
16 74.5619695186615
16 74.66512751579285
16 74.76968908309937
16 74.87429118156433
16 74.97752094268799
16 75.0812497138977
16 75.18593168258667
16 75.29148745536804
16 75.39510083198547
16 75.4993736743927
16 75.60443925857544
16 75.71023607254028
16 75.81442379951477
16 75.91987919807434
16 76.02537727355957
16 76.12893652915955
16 76.232186794281
16 76.33517336845398
17 76.4394109249115
18 76.54376196861267
19 76.64712262153625
19 76.75097489356995
18 76.8556776046753
18 76.96016478538513
16 77.06321144104004
16 77.16616368293762
16 77.27097129821777
16 77.37457847595215
16 77.47816157341003
16 77.58171248435974
16 77.68535375595093
15 77.79019856452942
15 77.89318013191223
15 77.99630331993103
15 78.09993028640747
16 78.20345687866211
16 78.30781626701355
16 78.41084933280945
16 78.5141966342926
16 78.61699533462524
16 78.7223961353302
16 78.82607936859131
16 78.92954802513123
16 79.034508228302
16 79.13811135292053
16 79.24104881286621
16 79.34450960159302
16 79.44810652732849
16 79.55194854736328
16 79.65552186965942
16 79.75857758522034
16 79.86241173744202
16 79.9662880897522
16 80.07105016708374
16 80.17432165145874
16 80.2782506942749
16 80.38210678100586
16 80.48655939102173
16 80.58968901634216
16 80.69413590431213
17 80.79806852340698
19 80.90243411064148
20 81.00565147399902
20 81.10973787307739
19 81.21483731269836
20 81.31894159317017
19 81.42182278633118
18 81.52528715133667
17 81.6293728351593
16 81.73408246040344
16 81.8365387916565
16 81.9395546913147
16 82.04388403892517
16 82.14783430099487
16 82.25202226638794
16 82.35497069358826
16 82.45789837837219
16 82.56221270561218
16 82.66728162765503
16 82.7706892490387
16 82.87498378753662
16 82.979483127594
16 83.08490824699402
16 83.18854212760925
16 83.29141092300415
16 83.39548802375793
16 83.49963855743408
16 83.60343837738037
16 83.70682311058044
16 83.8111732006073
16 83.91572999954224
16 84.01873517036438
16 84.12218642234802
16 84.22562956809998
16 84.32966232299805
16 84.4337146282196
16 84.53731799125671
16 84.64146900177002
17 84.74560570716858
18 84.85030126571655
19 84.95368027687073
19 85.05697679519653
19 85.16143274307251
18 85.2652862071991
17 85.3685371875763
17 85.47151923179626
16 85.57569432258606
16 85.6793212890625
16 85.78256845474243
15 85.88631081581116
15 85.99049925804138
15 86.09482789039612
15 86.19829726219177
16 86.30226874351501
15 86.40587425231934
16 86.50972032546997
16 86.61393070220947
16 86.71770310401917
16 86.82181477546692
15 86.92510771751404
16 87.03016495704651
16 87.13352084159851
16 87.23725318908691
16 87.34061431884766
16 87.44421672821045
16 87.54723405838013
16 87.65113186836243
16 87.75513195991516
16 87.85981845855713
16 87.96499586105347
16 88.06833553314209
16 88.17310523986816
16 88.27766370773315
16 88.3808388710022
16 88.48433995246887
16 88.5878632068634
16 88.69217920303345
18 88.79695963859558
19 88.8999457359314
19 89.00357699394226
18 89.10715556144714
17 89.21206068992615
16 89.31489753723145
16 89.4180018901825
16 89.52100157737732
16 89.62553763389587
16 89.72844386100769
16 89.83199191093445
16 89.9360089302063
16 90.03952050209045
16 90.14369130134583
16 90.24686884880066
16 90.34977006912231
16 90.4540364742279
16 90.55898356437683
16 90.66262459754944
16 90.76600503921509
16 90.86975693702698
16 90.9757149219513
16 91.0793809890747
16 91.1827347278595
16 91.28780794143677
16 91.39256882667542
16 91.4959614276886
15 91.6000452041626
16 91.70430254936218
16 91.8088858127594
16 91.91195392608643
16 92.01482152938843
16 92.1180772781372
16 92.22211050987244
15 92.32541942596436
16 92.4290075302124
16 92.53304362297058
17 92.63664126396179
17 92.74098372459412
19 92.84528303146362
18 92.94843482971191
18 93.05160927772522
18 93.15509557723999
17 93.2586190700531
17 93.36182045936584
17 93.46493458747864
16 93.57039403915405
16 93.67564034461975
16 93.77893805503845
16 93.88290333747864
16 93.98704648017883
16 94.09157586097717
16 94.19512987136841
16 94.29908299446106
16 94.40370416641235
16 94.50891184806824
16 94.61179494857788
16 94.71545171737671
16 94.81962895393372
16 94.92446064949036
16 95.02760052680969
16 95.13139605522156
16 95.23571968078613
16 95.34100389480591
16 95.4443907737732
16 95.54831099510193
15 95.65317916870117
16 95.75768804550171
15 95.86104822158813
16 95.96543145179749
16 96.07115411758423
16 96.17610168457031
16 96.27944779396057
16 96.38317537307739
16 96.48711371421814
16 96.59115195274353
16 96.69414472579956
17 96.79712796211243
18 96.90084314346313
18 97.00446701049805
17 97.10755753517151
18 97.211585521698
17 97.3155300617218
16 97.42030239105225
16 97.52240109443665
16 97.62688398361206
16 97.73007249832153
16 97.83426284790039
15 97.93903231620789
15 98.0428261756897
15 98.14594435691833
15 98.25001549720764
16 98.3552975654602
15 98.45809149742126
16 98.5611367225647
15 98.66541981697083
16 98.7701530456543
16 98.87324547767639
16 98.97725296020508
16 99.0814905166626
16 99.18532967567444
16 99.28826546669006
16 99.39276266098022
16 99.49622297286987
16 99.60142040252686
16 99.7066400051117
16 99.81020212173462
16 99.91452717781067
16 100.01904559135437
16 100.121821641922
16 100.22661352157593
16 100.32996702194214
16 100.43349504470825
16 100.53713846206665
16 100.64009761810303
16 100.74430465698242
16 100.8497986793518
16 100.95538449287415
17 101.05925035476685
17 101.16396403312683
17 101.26783323287964
17 101.37217259407043
18 101.47572946548462
18 101.58052849769592
19 101.68434309959412
20 101.78900265693665
20 101.89196419715881
20 101.99640846252441
20 102.10044980049133
19 102.20323371887207
19 102.30628705024719
16 102.41000866889954
16 102.51322436332703
16 102.61684894561768
16 102.7200129032135
15 102.82351446151733
15 102.92821288108826
15 103.03323578834534
15 103.13779377937317
15 103.2413055896759
15 103.3456962108612
15 103.45056462287903
15 103.55362915992737
15 103.65662789344788
15 103.76033663749695
16 103.86519813537598
15 103.97004342079163
15 104.07332706451416
16 104.17746591567993
16 104.28155875205994
16 104.38595938682556
16 104.48903775215149
16 104.59237408638
16 104.69593477249146
16 104.8006911277771
16 104.90391039848328
16 105.00759887695312
15 105.11061811447144
16 105.21490716934204
16 105.3189308643341
17 105.42237949371338
18 105.52717399597168
20 105.63129115104675
20 105.73632526397705
21 105.83987426757812
20 105.9440369606018
20 106.048837184906
19 106.15415835380554
19 106.25727581977844
18 106.36134886741638
17 106.46634268760681
17 106.57044124603271
16 106.6732931137085
16 106.77822923660278
15 106.8823173046112
15 106.98787069320679
15 107.09122610092163
15 107.19671368598938
15 107.30046725273132
16 107.40405535697937
16 107.50730514526367
16 107.61153841018677
16 107.71489787101746
16 107.81814575195312
15 107.92178654670715
16 108.02667546272278
16 108.13029646873474
16 108.23436951637268
16 108.33811664581299
16 108.44216442108154
16 108.54583144187927
16 108.65021061897278
16 108.75412702560425
16 108.85769486427307
16 108.96249794960022
16 109.06664729118347
16 109.1701135635376
16 109.27323722839355
16 109.37792897224426
16 109.48225855827332
15 109.58792567253113
16 109.69099354743958
16 109.79504585266113
16 109.89932799339294
17 110.00398349761963
17 110.10750222206116
18 110.21103239059448
19 110.3157217502594
19 110.42023539543152
18 110.52362084388733
18 110.62829566001892
18 110.7315924167633
17 110.83584690093994
17 110.9388632774353
16 111.04273653030396
16 111.1481864452362
15 111.2521378993988
15 111.35535383224487
15 111.46053886413574
15 111.56405425071716
15 111.66749167442322
15 111.77081727981567
15 111.87416195869446
16 111.9791488647461
15 112.08318257331848
15 112.18670678138733
15 112.29062795639038
16 112.39491605758667
16 112.49965596199036
16 112.60263705253601
16 112.70576667785645
16 112.80909895896912
16 112.91314005851746
16 113.01787161827087
16 113.12134122848511
15 113.22446870803833
15 113.32755970954895
16 113.43059015274048
16 113.53375887870789
16 113.63741946220398
16 113.74109077453613
16 113.84552764892578
17 113.9501383304596
18 114.05300498008728
18 114.15767550468445
18 114.26198124885559
17 114.36555290222168
17 114.46956658363342
17 114.57346510887146
17 114.67706632614136
17 114.78231048583984
16 114.88610315322876
16 114.99041056632996
16 115.09306120872498
15 115.19784188270569
15 115.30084133148193
15 115.40429329872131
16 115.5087661743164
15 115.61316847801208
15 115.71601128578186
15 115.819659948349
15 115.9247899055481
15 116.02976775169373
15 116.13286113739014
16 116.2374701499939
15 116.34067678451538
15 116.44420790672302
15 116.54922747612
15 116.65214705467224
15 116.75556921958923
16 116.85921096801758
15 116.9652190208435
16 117.07183480262756
15 117.17483758926392
15 117.27734041213989
15 117.3801577091217
15 117.4827675819397
15 117.58502912521362
15 117.68971085548401
15 117.79503083229065
15 117.89844822883606
15 118.00203013420105
15 118.10572743415833
17 118.21054005622864
17 118.31390476226807
17 118.41733956336975
17 118.52022409439087
17 118.6243040561676
19 118.72821736335754
21 118.8315589427948
23 118.93554711341858
23 119.03972911834717
23 119.14417958259583
22 119.2481791973114
21 119.35134696960449
21 119.45560884475708
21 119.56024551391602
19 119.66341209411621
18 119.76627492904663
17 119.87066912651062
16 119.97431969642639
15 120.07790875434875
