118 0.1
111 0.2
106 0.3
112 0.4
108 0.5
107 0.6
108 0.7
108 0.8
107 0.9
107 1.0
106 1.1
102 1.2
101 1.3
97 1.4
95 1.5
93 1.6
92 1.7
91 1.8
90 1.9
90 2.0
94 2.1
101 2.2
108 2.3
112 2.4
115 2.5
120 2.6
123 2.7
124 2.8
127 2.9
128 3.0
129 3.1
128 3.2
129 3.3
129 3.4
128 3.5
125 3.6
118 3.7
114 3.8
108 3.9
100 4.0
98 4.1
96 4.2
95 4.3
91 4.4
88 4.5
86 4.6
83 4.7
83 4.8
82 4.9
82 5.0
83 5.1
84 5.2
84 5.3
89 5.4
93 5.5
100 5.6
107 5.7
112 5.8
117 5.9
124 6.0
127 6.1
131 6.2
134 6.3
136 6.4
137 6.5
136 6.6
137 6.7
137 6.8
137 6.9
136 7.0
132 7.1
126 7.2
121 7.3
118 7.4
115 7.5
112 7.6
110 7.7
107 7.8
105 7.9
103 8.0
100 8.1
99 8.2
99 8.3
97 8.4
96 8.5
95 8.6
96 8.7
95 8.8
96 8.9
96 9.0
99 9.1
102 9.2
105 9.3
108 9.4
110 9.5
114 9.6
118 9.7
122 9.8
127 9.9
128 10.0
131 10.1
132 10.2
133 10.3
134 10.4
135 10.5
134 10.6
133 10.7
133 10.8
133 10.9
132 11.0
125 11.1
121 11.2
116 11.3
112 11.4
110 11.5
107 11.6
105 11.7
103 11.8
101 11.9
99 12.0
97 12.1
95 12.2
95 12.3
95 12.4
95 12.5
95 12.6
95 12.7
97 12.8
101 12.9
104 13.0
109 13.1
113 13.2
116 13.3
119 13.4
123 13.5
126 13.6
129 13.7
131 13.8
134 13.9
135 14.0
135 14.1
136 14.2
138 14.3
137 14.4
137 14.5
137 14.6
133 14.7
127 14.8
121 14.9
119 15.0
114 15.1
112 15.2
109 15.3
106 15.4
103 15.5
101 15.6
98 15.7
97 15.8
96 15.9
95 16.0
94 16.1
95 16.2
96 16.3
95 16.4
94 16.5
94 16.6
95 16.7
95 16.8
99 16.9
104 17.0
109 17.1
113 17.2
117 17.3
121 17.4
125 17.5
128 17.6
131 17.7
132 17.8
133 17.9
135 18.0
134 18.1
133 18.2
131 18.3
129 18.4
123 18.5
120 18.6
115 18.7
111 18.8
106 18.9
100 19.0
97 19.1
96 19.2
96 19.3
96 19.4
94 19.5
94 19.6
95 19.7
94 19.8
94 19.9
95 20.0
95 20.1
95 20.2
95 20.3
99 20.4
103 20.5
107 20.6
113 20.7
117 20.8
122 20.9
125 21.0
129 21.1
131 21.2
133 21.3
132 21.4
134 21.5
135 21.6
134 21.7
134 21.8
129 21.9
125 22.0
122 22.1
119 22.2
114 22.3
111 22.4
107 22.5
104 22.6
101 22.7
99 22.8
97 22.9
97 23.0
96 23.1
97 23.2
96 23.3
96 23.4
96 23.5
96 23.6
96 23.7
95 23.8
97 23.9
97 24.0
102 24.1
104 24.2
108 24.3
112 24.4
115 24.5
119 24.6
122 24.7
126 24.8
128 24.9
132 25.0
132 25.1
132 25.2
133 25.3
134 25.4
134 25.5
134 25.6
133 25.7
134 25.8
133 25.9
133 26.0
131 26.1
128 26.2
123 26.3
118 26.4
114 26.5
111 26.6
105 26.7
102 26.8
100 26.9
99 27.0
98 27.1
98 27.2
98 27.3
97 27.4
96 27.5
95 27.6
95 27.7
95 27.8
95 27.9
95 28.0
97 28.1
99 28.2
100 28.3
103 28.4
107 28.5
114 28.6
116 28.7
119 28.8
123 28.9
127 29.0
131 29.1
133 29.2
134 29.3
136 29.4
139 29.5
140 29.6
141 29.7
141 29.8
142 29.9
141 30.0
139 30.1
137 30.2
133 30.3
128 30.4
123 30.5
118 30.6
114 30.7
111 30.8
109 30.9
105 31.0
102 31.1
102 31.2
102 31.3
99 31.4
99 31.5
99 31.6
98 31.7
97 31.8
97 31.9
97 32.0
96 32.1
96 32.2
97 32.3
99 32.4
103 32.5
106 32.6
113 32.7
117 32.8
121 32.9
125 33.0
129 33.1
132 33.2
135 33.3
138 33.4
139 33.5
140 33.6
142 33.7
141 33.8
140 33.9
139 34.0
136 34.1
133 34.2
128 34.3
126 34.4
121 34.5
115 34.6
113 34.7
109 34.8
107 34.9
104 35.0
102 35.1
100 35.2
99 35.3
99 35.4
97 35.5
98 35.6
97 35.7
97 35.8
97 35.9
96 36.0
95 36.1
96 36.2
97 36.3
99 36.4
102 36.5
105 36.6
108 36.7
113 36.8
116 36.9
120 37.0
125 37.1
128 37.2
130 37.3
132 37.4
134 37.5
137 37.6
136 37.7
135 37.8
136 37.9
136 38.0
136 38.1
135 38.2
133 38.3
130 38.4
124 38.5
121 38.6
117 38.7
113 38.8
107 38.9
104 39.0
102 39.1
100 39.2
100 39.3
99 39.4
98 39.5
98 39.6
97 39.7
96 39.8
97 39.9
96 40.0
96 40.1
94 40.2
94 40.3
93 40.4
94 40.5
94 40.6
95 40.7
101 40.8
107 40.9
111 41.0
116 41.1
120 41.2
124 41.3
127 41.4
130 41.5
134 41.6
136 41.7
135 41.8
135 41.9
134 42.0
133 42.1
134 42.2
135 42.3
133 42.4
130 42.5
127 42.6
123 42.7
119 42.8
115 42.9
111 43.0
107 43.1
103 43.2
101 43.3
100 43.4
98 43.5
98 43.6
98 43.7
97 43.8
96 43.9
97 44.0
96 44.1
95 44.2
96 44.3
96 44.4
96 44.5
97 44.6
99 44.7
101 44.8
104 44.9
106 45.0
109 45.1
114 45.2
116 45.3
118 45.4
123 45.5
125 45.6
129 45.7
132 45.8
133 45.9
134 46.0
135 46.1
135 46.2
135 46.3
136 46.4
135 46.5
132 46.6
129 46.7
126 46.8
122 46.9
118 47.0
115 47.1
112 47.2
108 47.3
106 47.4
103 47.5
101 47.6
101 47.7
100 47.8
99 47.9
98 48.0
98 48.1
98 48.2
96 48.3
97 48.4
97 48.5
97 48.6
97 48.7
96 48.8
96 48.9
97 49.0
100 49.1
104 49.2
106 49.3
110 49.4
114 49.5
118 49.6
123 49.7
126 49.8
129 49.9
133 50.0
134 50.1
137 50.2
139 50.3
141 50.4
141 50.5
141 50.6
142 50.7
142 50.8
141 50.9
143 51.0
141 51.1
142 51.2
140 51.3
139 51.4
132 51.5
128 51.6
121 51.7
118 51.8
114 51.9
109 52.0
105 52.1
103 52.2
101 52.3
100 52.4
99 52.5
98 52.6
98 52.7
98 52.8
98 52.9
97 53.0
96 53.1
96 53.2
96 53.3
97 53.4
98 53.5
97 53.6
99 53.7
101 53.8
105 53.9
109 54.0
112 54.1
117 54.2
122 54.3
126 54.4
128 54.5
130 54.6
132 54.7
135 54.8
136 54.9
137 55.0
138 55.1
138 55.2
140 55.3
140 55.4
140 55.5
140 55.6
139 55.7
136 55.8
131 55.9
127 56.0
123 56.1
119 56.2
115 56.3
110 56.4
106 56.5
104 56.6
103 56.7
102 56.8
102 56.9
100 57.0
100 57.1
98 57.2
97 57.3
97 57.4
96 57.5
97 57.6
96 57.7
96 57.8
95 57.9
95 58.0
95 58.1
95 58.2
96 58.3
97 58.4
98 58.5
100 58.6
103 58.7
107 58.8
110 58.9
114 59.0
119 59.1
124 59.2
127 59.3
131 59.4
132 59.5
136 59.6
136 59.7
136 59.8
135 59.9
135 60.0
134 60.1
131 60.2
127 60.3
120 60.4
115 60.5
110 60.6
107 60.7
105 60.8
103 60.9
102 61.0
102 61.1
100 61.2
100 61.3
99 61.4
98 61.5
98 61.6
98 61.7
97 61.8
97 61.9
97 62.0
96 62.1
96 62.2
95 62.3
94 62.4
95 62.5
96 62.6
98 62.7
100 62.8
104 62.9
108 63.0
113 63.1
116 63.2
121 63.3
125 63.4
128 63.5
132 63.6
134 63.7
135 63.8
137 63.9
138 64.0
138 64.1
138 64.2
137 64.3
137 64.4
137 64.5
136 64.6
133 64.7
130 64.8
125 64.9
121 65.0
115 65.1
112 65.2
108 65.3
105 65.4
102 65.5
100 65.6
99 65.7
100 65.8
99 65.9
98 66.0
97 66.1
97 66.2
97 66.3
95 66.4
96 66.5
96 66.6
95 66.7
96 66.8
98 66.9
99 67.0
101 67.1
106 67.2
109 67.3
112 67.4
116 67.5
121 67.6
125 67.7
128 67.8
129 67.9
132 68.0
134 68.1
135 68.2
135 68.3
136 68.4
136 68.5
136 68.6
135 68.7
134 68.8
131 68.9
126 69.0
121 69.1
117 69.2
112 69.3
107 69.4
105 69.5
103 69.6
102 69.7
100 69.8
99 69.9
98 70.0
97 70.1
97 70.2
97 70.3
97 70.4
97 70.5
96 70.6
95 70.7
96 70.8
98 70.9
99 71.0
101 71.1
103 71.2
107 71.3
113 71.4
117 71.5
121 71.6
126 71.7
129 71.8
132 71.9
135 72.0
136 72.1
137 72.2
138 72.3
138 72.4
138 72.5
139 72.6
139 72.7
139 72.8
139 72.9
138 73.0
135 73.1
130 73.2
126 73.3
120 73.4
115 73.5
110 73.6
107 73.7
103 73.8
102 73.9
102 74.0
100 74.1
99 74.2
100 74.3
99 74.4
99 74.5
98 74.6
97 74.7
97 74.8
96 74.9
96 75.0
96 75.1
98 75.2
99 75.3
101 75.4
102 75.5
109 75.6
115 75.7
119 75.8
122 75.9
127 76.0
130 76.1
133 76.2
135 76.3
137 76.4
139 76.5
140 76.6
139 76.7
138 76.8
137 76.9
137 77.0
137 77.1
137 77.2
134 77.3
131 77.4
126 77.5
120 77.6
115 77.7
109 77.8
104 77.9
103 78.0
101 78.1
101 78.2
99 78.3
99 78.4
98 78.5
98 78.6
97 78.7
97 78.8
96 78.9
96 79.0
95 79.1
97 79.2
97 79.3
97 79.4
98 79.5
102 79.6
107 79.7
111 79.8
115 79.9
120 80.0
123 80.1
127 80.2
130 80.3
131 80.4
135 80.5
137 80.6
138 80.7
138 80.8
138 80.9
137 81.0
136 81.1
135 81.2
132 81.3
127 81.4
122 81.5
117 81.6
113 81.7
108 81.8
104 81.9
101 82.0
101 82.1
100 82.2
99 82.3
98 82.4
98 82.5
98 82.6
97 82.7
97 82.8
96 82.9
95 83.0
95 83.1
96 83.2
97 83.3
97 83.4
100 83.5
103 83.6
106 83.7
110 83.8
116 83.9
120 84.0
124 84.1
129 84.2
131 84.3
133 84.4
133 84.5
134 84.6
133 84.7
131 84.8
131 84.9
131 85.0
130 85.1
129 85.2
129 85.3
124 85.4
120 85.5
116 85.6
111 85.7
108 85.8
104 85.9
103 86.0
101 86.1
101 86.2
100 86.3
99 86.4
98 86.5
98 86.6
99 86.7
99 86.8
99 86.9
98 87.0
99 87.1
96 87.2
94 87.3
93 87.4
91 87.5
91 87.6
90 87.7
90 87.8
91 87.9
93 88.0
97 88.1
104 88.2
109 88.3
115 88.4
121 88.5
126 88.6
130 88.7
132 88.8
134 88.9
137 89.0
139 89.1
139 89.2
137 89.3
137 89.4
135 89.5
133 89.6
129 89.7
125 89.8
121 89.9
117 90.0
111 90.1
106 90.2
103 90.3
102 90.4
100 90.5
100 90.6
99 90.7
97 90.8
96 90.9
96 91.0
96 91.1
96 91.2
95 91.3
96 91.4
95 91.5
94 91.6
94 91.7
94 91.8
95 91.9
97 92.0
97 92.1
100 92.2
104 92.3
109 92.4
114 92.5
118 92.6
122 92.7
125 92.8
130 92.9
132 93.0
135 93.1
137 93.2
138 93.3
138 93.4
138 93.5
138 93.6
139 93.7
139 93.8
140 93.9
140 94.0
139 94.1
137 94.2
135 94.3
130 94.4
123 94.5
119 94.6
113 94.7
108 94.8
106 94.9
103 95.0
101 95.1
100 95.2
99 95.3
99 95.4
98 95.5
97 95.6
97 95.7
95 95.8
94 95.9
94 96.0
94 96.1
94 96.2
93 96.3
93 96.4
92 96.5
93 96.6
95 96.7
98 96.8
100 96.9
104 97.0
106 97.1
112 97.2
115 97.3
118 97.4
121 97.5
124 97.6
127 97.7
130 97.8
130 97.9
131 98.0
131 98.1
130 98.2
131 98.3
130 98.4
131 98.5
131 98.6
131 98.7
131 98.8
129 98.9
127 99.0
123 99.1
120 99.2
117 99.3
112 99.4
109 99.5
104 99.6
102 99.7
100 99.8
98 99.9
98 100.0
97 100.1
97 100.2
95 100.3
96 100.4
95 100.5
95 100.6
95 100.7
94 100.8
94 100.9
94 101.0
93 101.1
94 101.2
95 101.3
96 101.4
98 101.5
101 101.6
106 101.7
110 101.8
114 101.9
117 102.0
120 102.1
122 102.2
126 102.3
128 102.4
129 102.5
131 102.6
132 102.7
133 102.8
133 102.9
134 103.0
134 103.1
134 103.2
134 103.3
133 103.4
132 103.5
130 103.6
126 103.7
122 103.8
118 103.9
115 104.0
109 104.1
105 104.2
103 104.3
101 104.4
100 104.5
99 104.6
99 104.7
98 104.8
96 104.9
97 105.0
96 105.1
96 105.2
96 105.3
95 105.4
94 105.5
95 105.6
95 105.7
98 105.8
102 105.9
108 106.0
112 106.1
116 106.2
119 106.3
123 106.4
124 106.5
127 106.6
129 106.7
130 106.8
132 106.9
132 107.0
133 107.1
133 107.2
133 107.3
133 107.4
131 107.5
132 107.6
128 107.7
124 107.8
121 107.9
117 108.0
113 108.1
110 108.2
106 108.3
104 108.4
99 108.5
100 108.6
98 108.7
98 108.8
98 108.9
96 109.0
96 109.1
96 109.2
96 109.3
96 109.4
95 109.5
94 109.6
94 109.7
94 109.8
95 109.9
97 110.0
99 110.1
100 110.2
103 110.3
109 110.4
112 110.5
117 110.6
120 110.7
122 110.8
126 110.9
128 111.0
131 111.1
131 111.2
131 111.3
131 111.4
131 111.5
130 111.6
128 111.7
125 111.8
121 111.9
118 112.0
114 112.1
111 112.2
107 112.3
105 112.4
103 112.5
102 112.6
100 112.7
100 112.8
99 112.9
98 113.0
96 113.1
96 113.2
96 113.3
95 113.4
95 113.5
95 113.6
94 113.7
94 113.8
94 113.9
94 114.0
95 114.1
96 114.2
96 114.3
98 114.4
102 114.5
109 114.6
116 114.7
120 114.8
122 114.9
127 115.0
128 115.1
130 115.2
131 115.3
132 115.4
133 115.5
135 115.6
136 115.7
139 115.8
139 115.9
140 116.0
140 116.1
139 116.2
138 116.3
138 116.4
138 116.5
135 116.6
130 116.7
125 116.8
121 116.9
118 117.0
114 117.1
110 117.2
107 117.3
103 117.4
102 117.5
100 117.6
99 117.7
98 117.8
98 117.9
97 118.0
96 118.1
95 118.2
93 118.3
93 118.4
92 118.5
90 118.6
92 118.7
91 118.8
90 118.9
90 119.0
90 119.1
92 119.2
93 119.3
95 119.4
97 119.5
101 119.6
106 119.7
112 119.8
118 119.9
121 120.0
