117 1.430511474609375e-06
112 0.6303279399871826
107 0.7324676513671875
101 0.8345241546630859
97 0.9368245601654053
94 1.0396437644958496
92 1.1420514583587646
91 1.2446777820587158
90 1.3468458652496338
89 1.449009895324707
87 1.5511901378631592
87 1.6532988548278809
91 1.7555363178253174
97 1.8577287197113037
97 1.960174322128296
96 2.063585042953491
95 2.1657187938690186
96 2.2678918838500977
97 2.369959592819214
98 2.4722182750701904
99 2.574481964111328
100 2.6767380237579346
102 2.7792205810546875
101 2.8816914558410645
96 2.9842348098754883
93 3.0864956378936768
93 3.1888585090637207
93 3.2914955615997314
94 3.3942971229553223
94 3.496760845184326
93 3.5990328788757324
92 3.7011005878448486
89 3.8032772541046143
87 3.9055042266845703
85 4.007744789123535
84 4.110137462615967
83 4.212458848953247
81 4.3145527839660645
79 4.4167563915252686
77 4.518988847732544
77 4.621304035186768
78 4.723771572113037
78 4.826200485229492
76 4.929320812225342
74 5.031561613082886
72 5.13380241394043
73 5.236116647720337
75 5.33836817741394
78 5.440487623214722
80 5.5428125858306885
87 5.645085334777832
93 5.747160911560059
100 5.849286079406738
106 5.9513726234436035
112 6.053435564041138
117 6.155494451522827
119 6.257645606994629
120 6.359818458557129
121 6.46224045753479
119 6.565086364746094
117 6.667152404785156
114 6.769120931625366
111 6.871143579483032
110 6.973179578781128
108 7.07524561882019
106 7.177494287490845
103 7.279690504074097
100 7.381993055343628
96 7.484344482421875
96 7.5866968631744385
97 7.6889967918396
98 7.791290760040283
98 7.893887519836426
99 7.996520757675171
98 8.098992109298706
97 8.201298952102661
95 8.303709506988525
92 8.406061172485352
91 8.508374214172363
90 8.610642433166504
89 8.712963342666626
88 8.815396785736084
85 8.917708158493042
79 9.020165205001831
72 9.122546434402466
67 9.224863290786743
67 9.3273184299469
69 9.429771184921265
70 9.532481908798218
72 9.634963989257812
73 9.73741102218628
75 9.839684009552002
74 9.942095279693604
72 10.044357538223267
69 10.146678924560547
68 10.248669624328613
69 10.35062050819397
70 10.45260739326477
76 10.55465054512024
82 10.656889200210571
84 10.759076118469238
86 10.861501216888428
88 10.963728666305542
87 11.065885543823242
87 11.1678946018219
86 11.269774198532104
84 11.371737241744995
79 11.47370457649231
74 11.576030492782593
71 11.678276300430298
73 11.780393123626709
75 11.882594347000122
75 11.985023736953735
74 12.087156057357788
74 12.189403772354126
76 12.291753768920898
77 12.393983602523804
84 12.496661186218262
92 12.599500179290771
100 12.701975345611572
99 12.80420184135437
99 12.90657925605774
100 13.008960723876953
98 13.111141920089722
92 13.213279724121094
87 13.315605163574219
83 13.417961597442627
77 13.52028751373291
82 13.622618913650513
92 13.724803447723389
99 13.827135801315308
106 13.929614305496216
109 14.0323326587677
115 14.13480019569397
120 14.237141370773315
115 14.339540243148804
111 14.44189977645874
107 14.544244766235352
102 14.646602869033813
95 14.748974323272705
93 14.851531505584717
93 14.953801393508911
91 15.05614972114563
88 15.158544540405273
88 15.260993242263794
86 15.363774061203003
85 15.466988801956177
85 15.569243669509888
83 15.671763896942139
85 15.774212837219238
87 15.876542091369629
86 15.978925466537476
83 16.081300258636475
82 16.183804273605347
78 16.2863929271698
77 16.38891315460205
76 16.49135184288025
76 16.59449338912964
77 16.698641300201416
80 16.80197262763977
84 16.90555763244629
85 17.009275913238525
85 17.11329436302185
87 17.21680974960327
82 17.32098388671875
78 17.424816608428955
78 17.52821135520935
81 17.63162112236023
86 17.736364126205444
90 17.839367628097534
94 17.943326473236084
98 18.04621434211731
102 18.15077781677246
104 18.254973888397217
101 18.359243392944336
101 18.462913990020752
97 18.566561698913574
93 18.67079186439514
95 18.773630380630493
98 18.877415418624878
98 18.98148465156555
94 19.085703134536743
94 19.189571857452393
95 19.292701244354248
97 19.39721965789795
97 19.50074291229248
99 19.60329508781433
102 19.707033395767212
102 19.810463190078735
97 19.914982318878174
96 20.018980264663696
97 20.123332023620605
95 20.227193355560303
94 20.331214666366577
94 20.435797452926636
92 20.53855800628662
86 20.642905950546265
73 20.747528553009033
64 20.852392196655273
64 20.95619821548462
64 21.06012749671936
65 21.164812803268433
66 21.270825386047363
65 21.374096155166626
68 21.478193044662476
69 21.58251190185547
68 21.6874897480011
68 21.790446758270264
68 21.89430022239685
71 21.997999668121338
70 22.101121187210083
69 22.204564332962036
65 22.308575868606567
61 22.413894653320312
61 22.516778469085693
63 22.620498418807983
70 22.723982334136963
78 22.8275363445282
90 22.931799173355103
98 23.03572654724121
101 23.13872790336609
100 23.243504762649536
99 23.348071336746216
98 23.451629638671875
97 23.555104970932007
95 23.6588397026062
92 23.762489795684814
89 23.86643671989441
92 23.97010588645935
93 24.07331919670105
94 24.177839994430542
94 24.28187584877014
97 24.3849458694458
99 24.488991260528564
97 24.592873096466064
96 24.696978330612183
94 24.799993991851807
91 24.905219078063965
90 25.008155584335327
92 25.11219549179077
94 25.217414617538452
92 25.321637630462646
90 25.42604637145996
90 25.530340909957886
90 25.635957956314087
89 25.73916220664978
87 25.84326958656311
87 25.947226762771606
87 26.051042795181274
87 26.154841899871826
85 26.25894284248352
85 26.3629150390625
80 26.467904806137085
72 26.571190357208252
66 26.674671173095703
62 26.778074741363525
65 26.882015705108643
68 26.985791206359863
72 27.088890075683594
75 27.19276189804077
73 27.29708504676819
72 27.400458335876465
71 27.503283500671387
72 27.607550859451294
72 27.71072006225586
69 27.815157651901245
65 27.918378353118896
63 28.021764039993286
67 28.125232934951782
73 28.229358434677124
75 28.33284616470337
77 28.436046600341797
80 28.53961753845215
83 28.643522024154663
83 28.746049642562866
85 28.84943985939026
84 28.953588485717773
84 29.058387756347656
83 29.161498308181763
81 29.264761447906494
82 29.36825466156006
79 29.473228693008423
76 29.577489614486694
76 29.6810085773468
77 29.78465175628662
77 29.88798713684082
79 29.99228525161743
87 30.096070051193237
93 30.199612855911255
99 30.304826736450195
100 30.407647848129272
102 30.510403871536255
104 30.614604711532593
105 30.71803903579712
107 30.821746826171875
105 30.925671577453613
100 31.02991485595703
98 31.133203506469727
94 31.236221075057983
91 31.339925527572632
88 31.44328236579895
81 31.54651403427124
77 31.64948534965515
72 31.752726554870605
72 31.85655927658081
73 31.959755420684814
75 32.06363272666931
75 32.16646385192871
78 32.26992106437683
78 32.373526096343994
77 32.4769446849823
80 32.58158016204834
81 32.68490695953369
81 32.789732933044434
81 32.89422845840454
82 32.99730730056763
87 33.10057353973389
96 33.20444655418396
98 33.30761432647705
97 33.411725759506226
93 33.51558828353882
87 33.62046551704407
81 33.72459387779236
78 33.82865381240845
79 33.93231415748596
79 34.036664962768555
76 34.13954424858093
76 34.24254083633423
77 34.34689927101135
79 34.45126533508301
80 34.55504584312439
79 34.66012740135193
78 34.764235496520996
78 34.86949324607849
80 34.97338652610779
82 35.07623362541199
82 35.17965602874756
80 35.283398151397705
78 35.38598871231079
78 35.48924684524536
78 35.59393882751465
79 35.69913649559021
78 35.80502510070801
79 35.90907669067383
80 36.012431621551514
80 36.11723709106445
78 36.21959567070007
76 36.323481798172
76 36.42694091796875
87 36.531301498413086
89 36.63512706756592
92 36.73822259902954
94 36.84179067611694
96 36.945544719696045
99 37.048940896987915
101 37.151800870895386
105 37.254825830459595
109 37.358561992645264
113 37.463547229766846
113 37.56626033782959
109 37.66995811462402
105 37.7740375995636
102 37.87772226333618
101 37.98179364204407
100 38.08523678779602
99 38.188905000686646
99 38.29285144805908
96 38.396631479263306
95 38.49947142601013
96 38.602216482162476
96 38.70520210266113
94 38.808987855911255
93 38.9138560295105
91 39.017271995544434
90 39.12149524688721
88 39.2248637676239
87 39.328425884246826
85 39.43252658843994
82 39.53618097305298
80 39.64047884941101
78 39.74533796310425
82 39.84957003593445
85 39.95374035835266
90 40.05702996253967
92 40.16025996208191
95 40.26416540145874
98 40.36831593513489
101 40.47203540802002
102 40.57650542259216
105 40.678715467453
107 40.78228449821472
110 40.886070251464844
111 40.9893844127655
104 41.0923285484314
98 41.195510149002075
96 41.29883599281311
93 41.40266275405884
91 41.507102727890015
89 41.61036252975464
87 41.714329957962036
86 41.81787323951721
85 41.92337083816528
85 42.0283842086792
84 42.131805181503296
84 42.235713481903076
85 42.340588331222534
84 42.44507837295532
83 42.54832339286804
81 42.65310883522034
79 42.75785160064697
82 42.86013579368591
89 42.96385455131531
94 43.06716990470886
105 43.17234420776367
111 43.27536916732788
116 43.37827157974243
121 43.48143196105957
125 43.58627390861511
128 43.69125413894653
130 43.79531502723694
130 43.89967060089111
125 44.00378203392029
116 44.110255002975464
110 44.21404767036438
107 44.317317485809326
103 44.42074227333069
100 44.523892879486084
98 44.626500844955444
96 44.72984552383423
95 44.83457899093628
91 44.93932914733887
88 45.041624546051025
85 45.1445415019989
89 45.24961519241333
104 45.35469579696655
114 45.46009635925293
114 45.56338930130005
105 45.668142557144165
97 45.77164387702942
92 45.87662196159363
88 45.98050379753113
87 46.08438324928284
90 46.18819570541382
90 46.29154968261719
86 46.394526958465576
82 46.4984188079834
79 46.602795124053955
74 46.706307888031006
76 46.81021475791931
86 46.91370344161987
95 47.01742959022522
100 47.12215256690979
100 47.22565674781799
104 47.32963228225708
101 47.43477129936218
97 47.53786373138428
95 47.64015316963196
97 47.74313735961914
96 47.84738373756409
95 47.95138216018677
95 48.05518865585327
94 48.15813684463501
91 48.26115679740906
91 48.36513304710388
91 48.469029664993286
92 48.57217073440552
90 48.675461292266846
89 48.77937340736389
90 48.8838107585907
93 48.98802661895752
95 49.091508626937866
97 49.19487118721008
96 49.3001024723053
94 49.40524888038635
87 49.508179664611816
82 49.613492250442505
80 49.717507123947144
81 49.82185387611389
79 49.92495155334473
80 50.02798533439636
82 50.13245606422424
82 50.23775362968445
80 50.34085512161255
79 50.44534659385681
78 50.549116373062134
79 50.653024196624756
81 50.75591278076172
81 50.859047651290894
79 50.964006423950195
78 51.06769156455994
78 51.170512676239014
78 51.27355337142944
78 51.378419637680054
82 51.48327684402466
84 51.588239908218384
84 51.69124221801758
83 51.795523166656494
84 51.899578332901
84 52.00384306907654
86 52.10731291770935
87 52.21099543571472
85 52.31515049934387
84 52.41969013214111
81 52.5234260559082
82 52.626423358917236
84 52.73001170158386
81 52.83401322364807
82 52.93723201751709
85 53.0404953956604
96 53.14418435096741
106 53.24808359146118
112 53.35028529167175
117 53.45393490791321
121 53.55700206756592
123 53.66075778007507
123 53.765177488327026
126 53.86867904663086
129 53.97210621833801
129 54.076303005218506
126 54.179908990859985
118 54.28270626068115
115 54.38601994514465
113 54.49116134643555
112 54.59546184539795
109 54.69827938079834
107 54.80185389518738
106 54.905495166778564
102 55.00886678695679
101 55.11254906654358
102 55.21521878242493
104 55.31878209114075
109 55.423243284225464
112 55.527613401412964
111 55.6315553188324
115 55.734593629837036
122 55.838815450668335
123 55.94219708442688
119 56.045790910720825
114 56.14955234527588
122 56.25291895866394
129 56.35730862617493
139 56.46111297607422
141 56.56389546394348
147 56.66751170158386
150 56.771695137023926
155 56.87585425376892
157 56.978676557540894
156 57.08234620094299
152 57.18583369255066
142 57.289822578430176
137 57.395912408828735
136 57.49992656707764
140 57.60438919067383
141 57.70917987823486
139 57.81216311454773
138 57.915754318237305
136 58.01975965499878
135 58.12352800369263
137 58.227853536605835
141 58.33141565322876
143 58.43509912490845
141 58.538450479507446
139 58.6416380405426
138 58.745246171951294
137 58.84877061843872
134 58.95271039009094
138 59.05770015716553
143 59.1612594127655
145 59.26546263694763
144 59.370476961135864
142 59.47594356536865
136 59.57963466644287
131 59.68383717536926
124 59.788395404815674
118 59.89165496826172
113 59.995362758636475
111 60.09917116165161
109 60.20345115661621
105 60.30771493911743
104 60.4105544090271
102 60.51411557197571
100 60.61750769615173
102 60.72191405296326
105 60.825836420059204
109 60.92938566207886
108 61.033113956451416
110 61.137243032455444
107 61.24154281616211
98 61.345423460006714
93 61.448891401290894
90 61.55267000198364
92 61.65772581100464
94 61.76075458526611
98 61.86449074745178
102 61.968252658843994
111 62.07224678993225
112 62.17556023597717
114 62.27909803390503
117 62.38264584541321
119 62.48692488670349
121 62.59057331085205
122 62.69409942626953
123 62.79769802093506
122 62.90101766586304
120 63.00544595718384
109 63.10859227180481
106 63.21228384971619
107 63.31638026237488
104 63.42124581336975
101 63.52539801597595
101 63.62987399101257
101 63.73348116874695
101 63.83705711364746
104 63.939873933792114
108 64.0430064201355
119 64.14652013778687
128 64.25089621543884
137 64.35419917106628
143 64.45728874206543
147 64.5624303817749
142 64.66669654846191
138 64.76990675926208
135 64.87309718132019
133 64.97748804092407
133 65.08127689361572
131 65.18616819381714
130 65.28917241096497
127 65.39305710792542
127 65.49798107147217
124 65.6030650138855
125 65.7073085308075
125 65.81164240837097
126 65.91550588607788
125 66.02087950706482
127 66.12432789802551
129 66.22848963737488
129 66.33339476585388
127 66.43861198425293
127 66.54159164428711
127 66.64636182785034
126 66.75034022331238
122 66.85502219200134
114 66.95853328704834
111 67.06308221817017
106 67.16705775260925
102 67.27113819122314
108 67.37468695640564
117 67.4784562587738
123 67.5835211277008
125 67.68849444389343
126 67.79234981536865
130 67.89552593231201
131 68.00022435188293
130 68.10453295707703
129 68.20768332481384
128 68.3106734752655
130 68.41579103469849
133 68.51946306228638
136 68.62242221832275
139 68.72609686851501
147 68.82993149757385
150 68.93362188339233
149 69.03736710548401
146 69.14107847213745
144 69.24486470222473
142 69.34964370727539
141 69.4537341594696
138 69.55725646018982
134 69.66090083122253
133 69.76589727401733
134 69.86995387077332
135 69.97304821014404
133 70.07576370239258
129 70.17944097518921
127 70.28358817100525
126 70.38831806182861
126 70.49247026443481
124 70.59628033638
124 70.70155835151672
119 70.80436754226685
120 70.90882515907288
118 71.0122582912445
114 71.11661338806152
111 71.22134017944336
109 71.325021982193
110 71.42906522750854
112 71.53343391418457
113 71.6383445262909
114 71.74142456054688
114 71.84538149833679
117 71.94952583312988
122 72.05459952354431
126 72.15867495536804
128 72.26395416259766
130 72.36924910545349
131 72.47243189811707
130 72.57581520080566
126 72.67935037612915
122 72.78326606750488
120 72.88647866249084
120 72.99023985862732
118 73.09318280220032
116 73.19773411750793
115 73.30319786071777
112 73.40737700462341
116 73.51197957992554
115 73.61606788635254
117 73.71985745429993
118 73.8229751586914
121 73.92657661437988
121 74.02992057800293
121 74.13476586341858
119 74.23809957504272
119 74.34232711791992
118 74.44555711746216
116 74.54912877082825
114 74.65578508377075
110 74.75921392440796
111 74.86251187324524
117 74.96629858016968
120 75.07075333595276
122 75.17393827438354
123 75.27852821350098
126 75.38218069076538
128 75.48596549034119
129 75.58949017524719
129 75.69327902793884
127 75.79716753959656
124 75.90108013153076
118 76.00564002990723
115 76.10903978347778
112 76.2127788066864
110 76.31587529182434
111 76.41873264312744
112 76.52205920219421
112 76.62626385688782
112 76.73007464408875
113 76.83402991294861
113 76.9379210472107
112 77.04207825660706
113 77.1463131904602
114 77.25036263465881
117 77.35330986976624
118 77.45725011825562
119 77.56086683273315
117 77.66584062576294
114 77.7692973613739
124 77.8726761341095
129 77.97655153274536
135 78.08090257644653
138 78.18380784988403
140 78.28736066818237
143 78.39076852798462
146 78.49555826187134
147 78.59797811508179
151 78.7011170387268
160 78.80525040626526
169 78.9102668762207
173 79.01498651504517
175 79.11800026893616
172 79.22186708450317
160 79.32515859603882
155 79.43029952049255
154 79.53394222259521
150 79.63725280761719
147 79.74118947982788
143 79.84529209136963
141 79.9485719203949
139 80.05260276794434
141 80.15723419189453
142 80.26152038574219
142 80.3647027015686
141 80.46797561645508
138 80.57230734825134
134 80.67603707313538
134 80.77999997138977
130 80.88346552848816
125 80.98707556724548
128 81.09038472175598
130 81.19396185874939
134 81.29743480682373
137 81.4008162021637
143 81.50568771362305
147 81.61043429374695
155 81.71379446983337
165 81.81821632385254
171 81.92165899276733
172 82.02545189857483
169 82.12855100631714
161 82.23306202888489
149 82.33710980415344
142 82.44063973426819
134 82.5443365573883
129 82.64813804626465
126 82.752281665802
123 82.85634016990662
122 82.96113729476929
121 83.06493806838989
124 83.16800880432129
125 83.27198815345764
124 83.3771243095398
124 83.48060727119446
121 83.58421397209167
114 83.68835473060608
110 83.7931444644928
115 83.89654469490051
125 84.00100755691528
132 84.1044909954071
132 84.2089216709137
136 84.31304669380188
138 84.41640186309814
142 84.52015423774719
144 84.6237096786499
148 84.72677803039551
150 84.82965922355652
151 84.93325090408325
152 85.03668904304504
153 85.13986134529114
148 85.2443482875824
138 85.34787368774414
133 85.45120334625244
131 85.55489110946655
136 85.65831756591797
134 85.76288414001465
136 85.86601328849792
134 85.96889734268188
132 86.07312417030334
132 86.17786860466003
134 86.28139734268188
131 86.38580203056335
130 86.49072360992432
128 86.5936713218689
129 86.69738340377808
130 86.80127024650574
125 86.90475726127625
116 87.00804877281189
122 87.11121678352356
130 87.21522498130798
135 87.3193428516388
139 87.42217803001404
142 87.52495741844177
146 87.62776494026184
151 87.73147106170654
157 87.83480143547058
163 87.93881273269653
168 88.04338479042053
172 88.14642572402954
174 88.2500913143158
166 88.35387134552002
157 88.45803141593933
153 88.56173658370972
148 88.66593289375305
148 88.76900362968445
149 88.87219524383545
149 88.9764494895935
149 89.08122563362122
146 89.18711066246033
146 89.29061913490295
146 89.39510822296143
150 89.49920582771301
150 89.60529565811157
147 89.7096779346466
144 89.81318736076355
144 89.91837501525879
143 90.02156376838684
141 90.12488532066345
141 90.22803258895874
142 90.33224606513977
140 90.43653750419617
141 90.5396888256073
140 90.64292812347412
138 90.74625635147095
137 90.85094380378723
140 90.95391941070557
144 91.05731773376465
145 91.1610460281372
146 91.26450967788696
148 91.36760473251343
152 91.47164058685303
157 91.57681703567505
164 91.68071746826172
170 91.7838966846466
171 91.88733291625977
172 91.99166750907898
171 92.0963237285614
162 92.20214223861694
159 92.30499625205994
157 92.4105806350708
157 92.51570677757263
156 92.61877465248108
155 92.72193002700806
155 92.82553219795227
152 92.92981600761414
151 93.03441786766052
148 93.13783621788025
148 93.24165892601013
145 93.34518790245056
146 93.449547290802
145 93.55276846885681
144 93.65662097930908
140 93.7608437538147
139 93.86463689804077
134 93.96808314323425
137 94.0711305141449
144 94.17500352859497
152 94.27997279167175
160 94.38276815414429
167 94.48654866218567
176 94.5905408859253
180 94.69497299194336
182 94.79849410057068
184 94.90120363235474
184 95.00474810600281
185 95.1079490184784
185 95.21292066574097
186 95.31611800193787
185 95.41975784301758
184 95.5243616104126
182 95.62825727462769
175 95.73113250732422
171 95.83518099784851
168 95.93969702720642
165 96.0439100265503
164 96.14661645889282
161 96.2504575252533
160 96.35485553741455
155 96.45953941345215
153 96.56363773345947
154 96.66741251945496
153 96.77142596244812
145 96.87618827819824
144 96.97891926765442
140 97.08177375793457
138 97.18642044067383
135 97.29103589057922
128 97.39540886878967
122 97.49858546257019
116 97.60195779800415
114 97.70506715774536
111 97.80857157707214
111 97.91121220588684
109 98.01514387130737
111 98.11966562271118
111 98.22353911399841
120 98.32839727401733
129 98.43123960494995
132 98.53496432304382
138 98.63895058631897
141 98.74501419067383
147 98.84822154045105
150 98.95178246498108
152 99.05555319786072
154 99.16030788421631
157 99.26358342170715
160 99.36714959144592
163 99.47134780883789
166 99.57648277282715
168 99.67954063415527
169 99.78314423561096
165 99.88701367378235
166 99.9910900592804
163 100.09407806396484
162 100.1973352432251
160 100.3008680343628
160 100.40478849411011
159 100.51047611236572
161 100.6138231754303
157 100.71757745742798
156 100.82103729248047
154 100.92429685592651
151 101.02816581726074
150 101.131831407547
148 101.23549604415894
146 101.33881664276123
145 101.44169187545776
142 101.54612708091736
145 101.65084481239319
151 101.75622081756592
155 101.85993337631226
164 101.9639482498169
165 102.06831049919128
170 102.17208528518677
170 102.27523279190063
175 102.3783974647522
179 102.48158860206604
180 102.5869767665863
183 102.69199323654175
183 102.79632639884949
184 102.89969897270203
178 103.0041925907135
177 103.106929063797
173 103.21073389053345
171 103.31418681144714
170 103.41819214820862
166 103.52233457565308
164 103.62620091438293
159 103.73067903518677
157 103.83445715904236
157 103.9392261505127
161 104.04213213920593
160 104.14510607719421
161 104.24876117706299
161 104.35248327255249
162 104.45699262619019
164 104.56049251556396
167 104.66418504714966
165 104.76813101768494
160 104.87194514274597
155 104.97513389587402
156 105.079176902771
156 105.18407392501831
155 105.28951287269592
154 105.3937578201294
154 105.4973464012146
153 105.6022846698761
152 105.70736813545227
147 105.81110858917236
146 105.91436338424683
142 106.01793694496155
140 106.1225266456604
138 106.22534227371216
133 106.32969427108765
129 106.43277621269226
117 106.536550283432
108 106.63975405693054
102 106.74417543411255
103 106.84800839424133
107 106.9514491558075
111 107.05429530143738
117 107.1574718952179
119 107.26108050346375
124 107.36479139328003
127 107.468026638031
133 107.5713939666748
137 107.67430973052979
141 107.7786910533905
143 107.88241028785706
142 107.98602342605591
139 108.08983206748962
134 108.19401907920837
131 108.29809832572937
130 108.40050029754639
125 108.50376629829407
123 108.60749888420105
123 108.7118091583252
120 108.81522345542908
118 108.91801476478577
118 109.02101397514343
117 109.12549996376038
119 109.22947931289673
117 109.3328537940979
119 109.43661427497864
122 109.54127168655396
126 109.64607381820679
135 109.748526096344
138 109.85195755958557
140 109.95522356033325
138 110.05900430679321
131 110.16351675987244
128 110.2663733959198
125 110.3701319694519
119 110.47385907173157
114 110.57830357551575
112 110.68165397644043
112 110.7860836982727
112 110.88990664482117
114 110.99419713020325
116 111.09692168235779
118 111.20089888572693
119 111.30513668060303
125 111.40917372703552
129 111.51386833190918
129 111.61712408065796
131 111.72075366973877
133 111.82484722137451
134 111.92860794067383
139 112.03200197219849
139 112.13498997688293
138 112.23877096176147
135 112.34306073188782
135 112.44759774208069
135 112.55090594291687
130 112.65566563606262
127 112.7597496509552
121 112.8638482093811
115 112.96796989440918
111 113.07154273986816
111 113.17592310905457
109 113.27917575836182
106 113.38360953330994
104 113.48805499076843
104 113.59254193305969
111 113.69556069374084
117 113.79854655265808
123 113.90218210220337
127 114.00614070892334
131 114.10992217063904
135 114.21332621574402
136 114.31658363342285
138 114.42107820510864
138 114.52453184127808
139 114.6279366016388
140 114.73103642463684
141 114.83603763580322
141 114.94132828712463
138 115.0445008277893
129 115.14747500419617
127 115.25171136856079
126 115.35651636123657
123 115.46026062965393
122 115.56381320953369
121 115.66829800605774
118 115.77226948738098
120 115.8772304058075
118 115.98141646385193
116 116.08505344390869
116 116.18830418586731
122 116.29184103012085
131 116.39528441429138
140 116.49816298484802
148 116.60178446769714
154 116.70579719543457
161 116.80893898010254
168 116.91325116157532
166 117.0170385837555
162 117.12110757827759
158 117.22411942481995
153 117.32731580734253
149 117.4311010837555
147 117.53582906723022
146 117.64166641235352
141 117.74507093429565
137 117.84820890426636
135 117.95242261886597
136 118.05615043640137
138 118.16089725494385
141 118.26470756530762
141 118.36915016174316
142 118.47423315048218
146 118.57763528823853
148 118.6809446811676
153 118.78460097312927
155 118.88894128799438
153 118.99304699897766
153 119.09698843955994
152 119.20139932632446
151 119.30552744865417
150 119.40829634666443
152 119.51189088821411
151 119.61682224273682
150 119.72051954269409
145 119.82462215423584
141 119.92841672897339
141 120.0323646068573
