198 1.430511474609375e-06
192 0.6125216484069824
187 0.7171156406402588
189 0.8195021152496338
195 0.9215881824493408
197 1.0236968994140625
199 1.1258387565612793
200 1.2283854484558105
201 1.3311457633972168
202 1.433668851852417
202 1.5361649990081787
202 1.6386539936065674
201 1.740664005279541
200 1.842801570892334
200 1.945085048675537
199 2.0474367141723633
197 2.149696111679077
196 2.251955270767212
191 2.354215621948242
188 2.4566452503204346
182 2.559143304824829
179 2.661827325820923
176 2.764261484146118
173 2.8667523860931396
172 2.969074010848999
169 3.0714504718780518
169 3.174126625061035
166 3.2764463424682617
163 3.378787040710449
161 3.481367349624634
161 3.5839033126831055
161 3.6864047050476074
162 3.7887797355651855
164 3.8910813331604004
171 3.993755578994751
171 4.096571207046509
172 4.198646306991577
173 4.300743341445923
176 4.402777433395386
180 4.504908084869385
182 4.607121229171753
183 4.709393262863159
183 4.81140661239624
185 4.913533449172974
181 5.015590667724609
177 5.117767810821533
174 5.219977378845215
174 5.322083473205566
168 5.424223899841309
164 5.526423215866089
161 5.629034042358398
157 5.73177170753479
152 5.833867073059082
151 5.936087131500244
150 6.038180112838745
151 6.140552997589111
149 6.2429890632629395
146 6.345223903656006
146 6.447436094284058
145 6.549521446228027
142 6.651606321334839
142 6.753811597824097
140 6.8560919761657715
142 6.958469867706299
147 7.061004400253296
150 7.1633460521698
153 7.265568971633911
156 7.367835760116577
160 7.4701831340789795
165 7.572469711303711
170 7.674783706665039
174 7.7773277759552
176 7.8797996044158936
179 7.982090473175049
181 8.084462404251099
183 8.18686842918396
182 8.28923511505127
179 8.391583919525146
176 8.49365234375
171 8.596419095993042
168 8.699244499206543
165 8.801491022109985
163 8.903786182403564
162 9.006205081939697
161 9.108434438705444
158 9.210812091827393
156 9.313327074050903
153 9.415627717971802
152 9.518038034439087
149 9.620569229125977
144 9.722859859466553
144 9.825132846832275
144 9.927812814712524
144 10.029971837997437
147 10.132524490356445
149 10.234960317611694
152 10.337393999099731
151 10.439720630645752
156 10.541920900344849
159 10.644558668136597
162 10.746943712234497
165 10.849035024642944
169 10.951064825057983
172 11.053385019302368
175 11.15555477142334
175 11.258065223693848
173 11.3601815700531
171 11.46234917640686
170 11.564295768737793
167 11.666374206542969
165 11.768239259719849
163 11.870257377624512
160 11.972220659255981
160 12.074302196502686
158 12.176445484161377
156 12.278614521026611
154 12.381027698516846
152 12.483302354812622
152 12.58533239364624
150 12.687494277954102
149 12.78974199295044
145 12.891949653625488
146 12.994189023971558
142 13.096452713012695
139 13.199094295501709
139 13.301125288009644
139 13.403247594833374
139 13.50536036491394
140 13.607567310333252
140 13.70966649055481
144 13.811603307723999
147 13.91366171836853
150 14.016065835952759
155 14.118586540222168
159 14.220900058746338
160 14.323285341262817
163 14.425477743148804
165 14.527501583099365
168 14.630146980285645
171 14.733088254928589
170 14.835216760635376
167 14.937413692474365
166 15.03959608078003
164 15.141740083694458
162 15.243942022323608
158 15.346220254898071
157 15.44840121269226
156 15.550616264343262
152 15.653139352798462
150 15.755393028259277
145 15.857678651809692
142 15.959947347640991
139 16.062562465667725
139 16.16517949104309
137 16.267268419265747
132 16.369276762008667
129 16.47301411628723
128 16.576749324798584
126 16.67971134185791
126 16.785008668899536
126 16.889562606811523
131 16.994946241378784
136 17.097989559173584
142 17.201692581176758
145 17.306029796600342
151 17.408899068832397
154 17.51199960708618
157 17.616453409194946
160 17.720320224761963
163 17.82596755027771
165 17.92916989326477
163 18.033509492874146
161 18.13728356361389
162 18.24238109588623
161 18.345120668411255
160 18.449342489242554
157 18.552891969680786
154 18.656296014785767
152 18.759915351867676
149 18.863107919692993
145 18.967140674591064
140 19.07127332687378
138 19.175425052642822
133 19.27932071685791
132 19.383728981018066
125 19.488816499710083
125 19.59408402442932
117 19.69845199584961
118 19.80240273475647
116 19.90686321258545
115 20.009872436523438
119 20.11383557319641
122 20.21730899810791
123 20.320855379104614
130 20.424524545669556
137 20.528069257736206
143 20.631280183792114
148 20.73638105392456
151 20.840521097183228
154 20.943914890289307
157 21.047248125076294
161 21.151492834091187
162 21.256099224090576
160 21.359638690948486
158 21.4628005027771
155 21.56623911857605
152 21.671006679534912
151 21.774155139923096
149 21.87733244895935
149 21.982210636138916
148 22.08554172515869
146 22.188968420028687
142 22.292192935943604
136 22.396533250808716
136 22.50177311897278
133 22.606852531433105
131 22.710309505462646
122 22.814529180526733
114 22.919422149658203
111 23.02340269088745
108 23.126879930496216
101 23.23050594329834
103 23.335036277770996
100 23.438771963119507
101 23.541789531707764
100 23.645734548568726
110 23.750093460083008
112 23.854655265808105
119 23.958386659622192
122 24.061784505844116
128 24.166486501693726
127 24.27217388153076
131 24.375760316848755
138 24.479816198349
142 24.583040475845337
143 24.686944484710693
141 24.78990411758423
141 24.89370846748352
139 24.996865272521973
135 25.10168194770813
131 25.206138134002686
126 25.310238122940063
123 25.415446281433105
114 25.520734310150146
109 25.62396502494812
106 25.7276349067688
101 25.832197666168213
94 25.938294410705566
93 26.041637420654297
89 26.144532442092896
87 26.248771905899048
85 26.352744817733765
82 26.456802368164062
82 26.560104370117188
80 26.664331674575806
81 26.76886224746704
83 26.87244987487793
87 26.975459575653076
93 27.078798532485962
98 27.1822292804718
105 27.287303924560547
109 27.39026165008545
115 27.493301391601562
119 27.596343517303467
131 27.700597763061523
137 27.802582502365112
137 27.906609535217285
135 28.01043152809143
128 28.113640785217285
122 28.218106269836426
115 28.322712421417236
112 28.42605447769165
108 28.530106782913208
101 28.633683443069458
96 28.73686122894287
93 28.840656757354736
87 28.944615840911865
85 29.048749446868896
83 29.152313470840454
81 29.255765199661255
80 29.3587908744812
78 29.46355414390564
77 29.56674885749817
76 29.67072081565857
76 29.77432370185852
78 29.87782597541809
77 29.98192024230957
80 30.085296869277954
86 30.1884663105011
89 30.292312622070312
96 30.395880460739136
102 30.5006000995636
109 30.604082822799683
114 30.70732808113098
118 30.812071561813354
117 30.91668462753296
116 31.020360708236694
114 31.12335205078125
111 31.227651357650757
107 31.331973791122437
104 31.435898542404175
100 31.53979992866516
94 31.64419722557068
90 31.74762725830078
86 31.850985765457153
81 31.95451021194458
79 32.05764436721802
77 32.16211938858032
73 32.264886140823364
69 32.368635177612305
69 32.47393560409546
70 32.57762932777405
69 32.681906938552856
69 32.786566495895386
69 32.889981508255005
70 32.99477744102478
76 33.09782600402832
81 33.20143222808838
90 33.3046293258667
96 33.408047914505005
100 33.51291823387146
104 33.61638951301575
109 33.71947121620178
113 33.82390904426575
114 33.92758250236511
117 34.0307457447052
115 34.13418889045715
110 34.238075733184814
109 34.34213733673096
103 34.44633507728577
99 34.55028057098389
94 34.653801918029785
92 34.75794577598572
88 34.86128854751587
86 34.96463751792908
82 35.06842041015625
82 35.17210078239441
78 35.27647852897644
77 35.379844427108765
75 35.48352241516113
74 35.58799362182617
73 35.69253134727478
71 35.79572296142578
69 35.90037274360657
71 36.00634479522705
73 36.11077260971069
78 36.214763879776
82 36.31947660446167
88 36.423499584198
92 36.52772283554077
97 36.63113284111023
102 36.73431706428528
108 36.83765006065369
115 36.941312313079834
122 37.043965578079224
121 37.147568702697754
118 37.251067876815796
118 37.35410785675049
115 37.45762515068054
112 37.561105251312256
107 37.66460347175598
104 37.76926016807556
97 37.874805212020874
92 37.978447914123535
88 38.08356022834778
86 38.188419342041016
81 38.293941259384155
79 38.39740824699402
79 38.502147912979126
76 38.60672378540039
71 38.711568117141724
70 38.81474041938782
67 38.91975378990173
63 39.0248589515686
63 39.13010001182556
62 39.234660148620605
61 39.34006690979004
66 39.445157051086426
69 39.548659563064575
75 39.65330219268799
79 39.75763654708862
82 39.862910747528076
88 39.966519832611084
93 40.070539236068726
101 40.17593479156494
108 40.279109716415405
108 40.3826003074646
117 40.48609757423401
129 40.59026765823364
128 40.695096254348755
127 40.79847240447998
126 40.90198540687561
122 41.005470752716064
116 41.110432863235474
112 41.21277070045471
100 41.31722164154053
95 41.420748710632324
91 41.52400016784668
84 41.62914562225342
81 41.73258876800537
77 41.83801317214966
75 41.9434175491333
69 42.04848074913025
67 42.15179753303528
64 42.25662589073181
60 42.36079502105713
57 42.46512842178345
56 42.567994356155396
59 42.67243766784668
57 42.777321577072144
59 42.88244438171387
63 42.985597133636475
69 43.090595722198486
75 43.19571399688721
80 43.29868507385254
85 43.401925802230835
89 43.505082845687866
96 43.608681440353394
101 43.71226787567139
110 43.81629824638367
111 43.91916847229004
109 44.02426791191101
107 44.127994537353516
106 44.231176137924194
102 44.3350772857666
98 44.438294887542725
91 44.54203748703003
86 44.64579939842224
84 44.7496235370636
78 44.853832721710205
73 44.957393646240234
69 45.06107544898987
69 45.164496421813965
61 45.26871299743652
58 45.37221121788025
56 45.477163314819336
54 45.581135749816895
52 45.68487501144409
50 45.788270711898804
48 45.89186382293701
46 45.99493217468262
45 46.09903359413147
46 46.20281910896301
47 46.30833435058594
48 46.41094923019409
54 46.51486396789551
63 46.61903166770935
69 46.72326302528381
76 46.828492403030396
82 46.9322509765625
88 47.03708100318909
93 47.14140558242798
99 47.246318340301514
99 47.349605083465576
99 47.453073263168335
96 47.55732464790344
95 47.66155004501343
93 47.765281200408936
88 47.86887788772583
84 47.972883462905884
80 48.076876640319824
75 48.1800012588501
70 48.283852338790894
63 48.38907051086426
62 48.494078159332275
58 48.59754014015198
53 48.701870918273926
52 48.80662441253662
49 48.91020226478577
47 49.01434946060181
48 49.11772871017456
46 49.22104024887085
45 49.325862646102905
43 49.428921937942505
42 49.532495737075806
42 49.635756969451904
42 49.73913788795471
43 49.84273672103882
46 49.94573903083801
53 50.050721406936646
57 50.15548586845398
62 50.26051712036133
69 50.36349630355835
72 50.46840262413025
81 50.57225966453552
87 50.67700529098511
91 50.779969930648804
91 50.885119676589966
90 50.98992919921875
85 51.09408164024353
83 51.197354316711426
79 51.30168676376343
74 51.40623950958252
67 51.51057744026184
63 51.614413261413574
59 51.71894669532776
56 51.82234048843384
53 51.92688727378845
51 52.02977800369263
48 52.133615255355835
45 52.23730778694153
42 52.34183216094971
41 52.44549632072449
39 52.549126863479614
37 52.65217900276184
35 52.75598955154419
35 52.85970902442932
37 52.96288752555847
36 53.066439390182495
38 53.17101860046387
41 53.27567100524902
45 53.378652572631836
49 53.48324680328369
56 53.58699035644531
62 53.691015005111694
71 53.794926166534424
79 53.898362159729004
80 54.00183343887329
83 54.10508322715759
85 54.208282709121704
84 54.31240105628967
83 54.41624402999878
82 54.5206298828125
79 54.62348532676697
75 54.726492166519165
66 54.83149242401123
62 54.93515205383301
58 55.03976559638977
56 55.14278721809387
52 55.246381521224976
51 55.35085344314575
47 55.454145431518555
45 55.557517290115356
44 55.660728454589844
42 55.76407766342163
41 55.87015700340271
39 55.97298550605774
38 56.076178312301636
38 56.18035817146301
39 56.28546977043152
39 56.388458490371704
39 56.49288463592529
40 56.596898794174194
42 56.70092463493347
46 56.804330348968506
54 56.907509326934814
60 57.011149406433105
66 57.115283250808716
71 57.21888709068298
76 57.322020053863525
83 57.424994468688965
87 57.52968168258667
101 57.6333794593811
113 57.73631811141968
129 57.839149713516235
132 57.942872285842896
117 58.04684543609619
106 58.15059518814087
99 58.25410342216492
95 58.35863757133484
88 58.46321415901184
81 58.56775903701782
76 58.67081809043884
75 58.775424003601074
74 58.87950253486633
72 58.98463296890259
71 59.08774256706238
67 59.19269251823425
64 59.296987533569336
60 59.402467250823975
54 59.505855083465576
55 59.6101131439209
54 59.713685512542725
54 59.81773090362549
55 59.9207227230072
53 60.02436113357544
50 60.128241539001465
51 60.231921672821045
54 60.33552813529968
59 60.43987822532654
65 60.543490171432495
74 60.64762353897095
81 60.751545429229736
89 60.85585832595825
95 60.95956015586853
99 61.06379413604736
101 61.16717314720154
104 61.271154165267944
102 61.37636184692383
101 61.4807243347168
99 61.58449983596802
95 61.68764114379883
93 61.79157495498657
87 61.89598631858826
84 62.0001904964447
78 62.10456466674805
74 62.20760130882263
70 62.31088328361511
67 62.41415548324585
65 62.51739740371704
60 62.62036752700806
57 62.72479844093323
54 62.829846143722534
52 62.93328070640564
54 63.03683161735535
51 63.14185976982117
50 63.24622297286987
51 63.34865093231201
51 63.45181369781494
53 63.55564785003662
56 63.660560607910156
64 63.76642823219299
74 63.87096929550171
82 63.976683139801025
86 64.08141493797302
92 64.18465209007263
96 64.28883576393127
97 64.39280295372009
100 64.49791741371155
101 64.60065650939941
99 64.70418357849121
96 64.80853533744812
92 64.91180872917175
93 65.01639103889465
88 65.11965465545654
84 65.22368860244751
79 65.32721257209778
72 65.4308762550354
72 65.53446578979492
67 65.63783669471741
63 65.74151849746704
60 65.84536051750183
56 65.94806122779846
57 66.05139946937561
55 66.15503978729248
52 66.2592420578003
51 66.36311268806458
51 66.46791529655457
50 66.57223200798035
49 66.67614889144897
51 66.78068590164185
60 66.88438963890076
66 66.98759865760803
72 67.09143590927124
79 67.19547986984253
84 67.29963779449463
90 67.40349459648132
94 67.50636863708496
99 67.60986828804016
103 67.71284866333008
105 67.81661868095398
105 67.92011547088623
102 68.02358865737915
99 68.12704348564148
99 68.23012161254883
96 68.33398771286011
91 68.4381844997406
84 68.54250264167786
80 68.64601016044617
77 68.74914455413818
74 68.85310387611389
70 68.95660495758057
66 69.05924344062805
63 69.16307187080383
58 69.26682615280151
56 69.3703122138977
53 69.4741907119751
53 69.57778739929199
50 69.68208169937134
51 69.78652858734131
50 69.8905987739563
51 69.99398279190063
54 70.09711217880249
60 70.20140171051025
66 70.30571222305298
75 70.40884447097778
84 70.51287364959717
90 70.61707758903503
95 70.72131443023682
100 70.82432579994202
104 70.92792248725891
106 71.03173971176147
105 71.13516092300415
107 71.24008798599243
104 71.34406447410583
102 71.4485993385315
96 71.55206227302551
88 71.65580534934998
83 71.75930142402649
79 71.8631980419159
75 71.96764492988586
75 72.07240605354309
68 72.17619371414185
62 72.28007388114929
58 72.38316917419434
55 72.48750281333923
53 72.59053635597229
51 72.69445300102234
48 72.79775738716125
48 72.90171957015991
48 73.0066888332367
45 73.11004662513733
46 73.21325469017029
46 73.31709170341492
49 73.4204466342926
56 73.52425599098206
63 73.6281099319458
70 73.7322883605957
78 73.83521771430969
84 73.93876576423645
88 74.04249501228333
89 74.14638805389404
90 74.25069618225098
90 74.35340332984924
88 74.45740175247192
86 74.56127500534058
81 74.66557741165161
76 74.77004623413086
69 74.87453150749207
65 74.9779965877533
62 75.08222031593323
62 75.18598794937134
57 75.28928709030151
52 75.393630027771
49 75.49790120124817
45 75.601327419281
44 75.70573687553406
43 75.80902695655823
42 75.91307973861694
41 76.01785898208618
43 76.12093687057495
43 76.2243103981018
41 76.328537940979
41 76.43259906768799
41 76.53622913360596
46 76.6398229598999
51 76.74426484107971
58 76.84737753868103
66 76.95169258117676
75 77.05496454238892
81 77.15880513191223
86 77.2629177570343
89 77.36701893806458
85 77.47043371200562
83 77.57399606704712
80 77.67714929580688
79 77.78079843521118
76 77.8849606513977
68 77.98899483680725
63 78.09222936630249
59 78.1967225074768
55 78.29960083961487
54 78.40258741378784
50 78.5075113773346
47 78.610755443573
45 78.71380662918091
41 78.81638383865356
39 78.92037677764893
38 79.02376818656921
37 79.12711668014526
36 79.23017144203186
34 79.33414936065674
34 79.4371919631958
34 79.54267716407776
34 79.64638447761536
35 79.75014758110046
37 79.85426640510559
41 79.95808672904968
48 80.0627236366272
54 80.16613864898682
60 80.27083015441895
67 80.37557601928711
73 80.47900342941284
79 80.58263778686523
81 80.68649792671204
78 80.79090571403503
74 80.8952751159668
70 80.99837279319763
68 81.10348176956177
64 81.20866274833679
62 81.31364369392395
59 81.41688346862793
56 81.52070093154907
50 81.62524485588074
47 81.72957229614258
45 81.83312559127808
42 81.93700695037842
41 82.04166746139526
38 82.14577722549438
36 82.24941968917847
36 82.35306763648987
35 82.45633172988892
33 82.55982780456543
35 82.66298747062683
39 82.76739168167114
42 82.8711302280426
46 82.97468638420105
53 83.07777786254883
60 83.1809618473053
68 83.2862160205841
78 83.38985705375671
88 83.49455380439758
91 83.59806156158447
93 83.70197367668152
93 83.80570340156555
92 83.91109943389893
89 84.01410698890686
88 84.11870980262756
82 84.22211503982544
74 84.32622480392456
66 84.43046045303345
61 84.53508758544922
58 84.64014863967896
55 84.74313497543335
51 84.84604501724243
49 84.9496967792511
44 85.05345225334167
43 85.15710115432739
41 85.26111507415771
40 85.36426639556885
38 85.46863293647766
39 85.57192373275757
36 85.67542886734009
35 85.77893090248108
35 85.88240146636963
36 85.98660564422607
39 86.09065651893616
44 86.19393539428711
49 86.29762148857117
56 86.40117621421814
61 86.5056083202362
66 86.6096498966217
69 86.71319437026978
75 86.81677412986755
78 86.9208619594574
83 87.02554988861084
82 87.12871813774109
80 87.2325587272644
77 87.33617115020752
75 87.44063544273376
73 87.54432010650635
71 87.6480610370636
67 87.75183868408203
61 87.85630083084106
55 87.96050548553467
51 88.06463241577148
48 88.16877865791321
47 88.27362871170044
43 88.37680149078369
40 88.4798641204834
38 88.58433032035828
37 88.68794059753418
36 88.7915825843811
34 88.89452028274536
31 88.9991021156311
30 89.10333561897278
29 89.20684027671814
29 89.31012892723083
27 89.41339159011841
28 89.51789498329163
29 89.62162256240845
31 89.72526049613953
32 89.82937097549438
38 89.9337911605835
41 90.03755307197571
44 90.14068579673767
49 90.24431443214417
56 90.34790325164795
60 90.45212411880493
67 90.5551643371582
72 90.65843367576599
75 90.76223874092102
76 90.8657443523407
76 90.97021532058716
71 91.07447052001953
71 91.17794251441956
68 91.28274893760681
64 91.38664746284485
59 91.49016690254211
53 91.59389662742615
50 91.69917726516724
44 91.80322599411011
40 91.90714931488037
37 92.01150727272034
37 92.11563229560852
37 92.21946716308594
35 92.32267236709595
35 92.42555379867554
33 92.53001379966736
33 92.63335418701172
33 92.73731851577759
33 92.84151315689087
34 92.9452588558197
35 93.04905605316162
36 93.15384006500244
40 93.25742173194885
44 93.36060905456543
50 93.46485733985901
58 93.56963539123535
67 93.67311120033264
70 93.77651357650757
74 93.88017320632935
76 93.98533844947815
79 94.0886869430542
78 94.19165325164795
76 94.29615116119385
74 94.40028548240662
70 94.50380301475525
68 94.6072154045105
63 94.71171021461487
58 94.81544399261475
56 94.9185094833374
51 95.02205848693848
50 95.12738084793091
46 95.23072624206543
43 95.33457851409912
40 95.43820118904114
39 95.54251098632812
38 95.64575719833374
35 95.751211643219
33 95.85417699813843
34 95.95884490013123
33 96.06370496749878
31 96.1683919429779
32 96.27244520187378
32 96.37836027145386
35 96.48279142379761
39 96.58604717254639
44 96.69011998176575
52 96.79457187652588
58 96.89794516563416
64 97.00235319137573
70 97.10638117790222
74 97.20958495140076
81 97.31303143501282
81 97.41798210144043
80 97.52098250389099
78 97.62569546699524
75 97.72938132286072
69 97.83325052261353
65 97.93621349334717
61 98.04025793075562
58 98.14509439468384
53 98.25034046173096
49 98.35355257987976
47 98.45750260353088
44 98.56089901924133
43 98.66480445861816
42 98.76857614517212
39 98.87259435653687
37 98.97681212425232
36 99.08185601234436
35 99.18474245071411
35 99.28822231292725
34 99.39235067367554
32 99.49557161331177
32 99.59894442558289
33 99.70238280296326
33 99.80540060997009
35 99.91036057472229
38 100.01576828956604
41 100.11917519569397
46 100.22263765335083
52 100.32725882530212
55 100.43071818351746
60 100.53448748588562
66 100.6383159160614
74 100.74226236343384
79 100.84640431404114
78 100.94993257522583
76 101.05402731895447
76 101.15810298919678
73 101.2619857788086
72 101.36603713035583
67 101.47066903114319
62 101.57432103157043
58 101.67841529846191
53 101.78067803382874
48 101.8838460445404
44 101.98769330978394
41 102.09184789657593
40 102.19584846496582
40 102.3000237941742
38 102.40365386009216
36 102.50759363174438
32 102.61158871650696
31 102.71522450447083
31 102.81842231750488
29 102.92257237434387
29 103.02636528015137
30 103.12973070144653
31 103.23372411727905
33 103.33833765983582
34 103.44167757034302
37 103.54475831985474
40 103.6483805179596
45 103.7522337436676
51 103.85681462287903
55 103.96079659461975
61 104.06439185142517
68 104.16787695884705
75 104.27256464958191
81 104.37606143951416
79 104.4793598651886
73 104.5830090045929
71 104.68739032745361
69 104.791428565979
65 104.89439487457275
61 104.99801921844482
59 105.10126852989197
53 105.20540714263916
50 105.3094892501831
47 105.41282510757446
43 105.51606559753418
39 105.61895871162415
38 105.72316479682922
36 105.82615423202515
34 105.93002891540527
35 106.03413319587708
33 106.13729906082153
32 106.24123024940491
31 106.34437274932861
29 106.44811582565308
29 106.55241751670837
29 106.65745449066162
29 106.76074838638306
28 106.8646891117096
30 106.96964907646179
34 107.07491064071655
36 107.17831587791443
39 107.2822036743164
44 107.38660597801208
49 107.490234375
52 107.5939838886261
55 107.69780492782593
55 107.80134844779968
59 107.90488791465759
57 108.00825810432434
55 108.111337184906
53 108.2139356136322
50 108.3174340724945
45 108.4207878112793
39 108.52446389198303
37 108.62870168685913
34 108.73293089866638
33 108.83669233322144
33 108.94086837768555
30 109.04556894302368
29 109.15013837814331
28 109.25377154350281
28 109.35719037055969
28 109.46026659011841
26 109.5640058517456
26 109.66778016090393
24 109.77153086662292
22 109.87502527236938
25 109.98014307022095
25 110.08384227752686
29 110.18758940696716
32 110.29170322418213
35 110.39508962631226
38 110.49870109558105
40 110.60269379615784
43 110.70597982406616
46 110.80965566635132
49 110.91514778137207
50 111.01869750022888
49 111.12237691879272
47 111.22572708129883
45 111.3296229839325
44 111.43515992164612
42 111.53826379776001
38 111.64302945137024
36 111.7475152015686
35 111.85230755805969
31 111.95592975616455
30 112.05975604057312
28 112.16407203674316
27 112.26933908462524
26 112.37270426750183
26 112.47733235359192
24 112.58097505569458
22 112.6847665309906
21 112.78807616233826
21 112.89147520065308
21 112.99565196037292
22 113.09980869293213
21 113.20261669158936
22 113.30597066879272
22 113.40934324264526
23 113.5136148929596
25 113.61690187454224
27 113.71989464759827
31 113.82463574409485
35 113.92962956428528
40 114.0350091457367
44 114.13827276229858
48 114.24261355400085
55 114.34684109687805
57 114.4518768787384
56 114.55491209030151
52 114.65953516960144
51 114.76290249824524
47 114.86788201332092
44 114.97092080116272
44 115.07467126846313
41 115.17927622795105
40 115.28439807891846
36 115.38811492919922
34 115.49150657653809
30 115.59567308425903
28 115.70036196708679
29 115.80363392829895
27 115.90804386138916
28 116.01266312599182
25 116.11644577980042
24 116.21984958648682
24 116.32350659370422
23 116.42743587493896
23 116.53137803077698
23 116.6336305141449
23 116.7366042137146
24 116.84071707725525
23 116.9441282749176
25 117.04857897758484
27 117.15165948867798
29 117.25466084480286
32 117.35833930969238
35 117.46260356903076
38 117.56677436828613
41 117.66990804672241
47 117.7730143070221
53 117.8768060207367
55 117.9815788269043
54 118.08464336395264
53 118.18882441520691
52 118.29354095458984
50 118.3972098827362
48 118.49985265731812
44 118.60330986976624
42 118.7072811126709
39 118.81064224243164
36 118.9143717288971
32 119.01823306083679
33 119.12228560447693
32 119.22613024711609
31 119.32874798774719
29 119.43252182006836
27 119.5361704826355
26 119.64026045799255
24 119.74403095245361
23 119.84721994400024
22 119.95078229904175
21 120.05502390861511
